0.000535 0.020035 0.011264 0.017129 0.002388 0.000919 0.003967 0.000137 0.000746 0.092629 0.003061
0.003260 0.020227 0.009949 0.005814 0.002032 0.001220 0.003665 0.000107 0.000804 0.106425 0.001023
0.001695 0.015876 0.003038 0.024932 0.000868 0.001200 0.002370 0.001036 0.000831 0.032740 0.003221
0.001258 0.018173 0.006685 0.013650 0.001772 0.001145 0.003451 0.001309 0.000998 0.088406 0.003524
0.000797 0.020936 0.008342 0.024287 0.007163 0.001343 0.003186 0.001733 0.000947 0.016250 0.004107
0.000684 0.012767 0.012901 0.021869 0.001186 0.001506 0.003853 0.001260 0.000840 0.047806 0.003976
0.000938 0.006697 0.005350 0.032847 0.002061 0.000577 0.001296 0.000568 0.000532 0.103875 0.004592
0.000517 0.008431 0.002008 0.027289 0.000726 0.000821 0.004276 0.000341 0.000519 0.021213 0.002068
0.002503 0.002201 0.008856 0.018576 0.005420 0.001534 0.001110 0.001453 0.000861 0.102417 0.003018
0.001782 0.014795 0.009367 0.023331 0.004174 0.000758 0.000644 0.000460 0.000992 0.103832 0.001838
0.001458 0.016032 0.001176 0.020570 0.002547 0.001267 0.003486 0.000824 0.000745 0.035142 0.002105
0.001950 0.013258 0.005794 0.030764 0.004698 0.001082 0.004654 0.000680 0.000752 0.025195 0.001286
0.001951 0.000416 0.007721 0.015739 0.007325 0.000904 0.003288 0.001850 0.000537 0.090655 0.003267
0.002498 0.022866 0.005542 0.023413 0.006380 0.000325 0.004318 0.001185 0.001000 0.039109 0.004788
0.002878 0.000863 0.005313 0.022085 0.004198 0.000455 0.003674 0.000578 0.000907 0.060442 0.000847
0.003264 0.001500 0.003513 0.026293 0.006862 0.001140 0.004769 0.000540 0.000544 0.108560 0.003994
0.001190 0.006460 0.000801 0.027909 0.001402 0.001291 0.004180 0.000850 0.000901 0.029302 0.003949
0.001041 0.005079 0.011870 0.034896 0.001866 0.000797 0.003254 0.001191 0.000729 0.054749 0.001216
0.001194 0.012262 0.002055 0.035192 0.001909 0.001142 0.002646 0.001855 0.000835 0.097101 0.001580
0.000644 0.019671 0.012024 0.025811 0.005531 0.000505 0.004532 0.000222 0.000995 0.067628 0.004548
0.000404 0.019575 0.006979 0.007228 0.001512 0.000541 0.004262 0.001353 0.000944 0.090904 0.003295
0.000860 0.005775 0.010641 0.020161 0.002425 0.001046 0.004555 0.001706 0.000574 0.112040 0.003119
0.001468 0.023590 0.001003 0.035301 0.002471 0.000549 0.004668 0.001299 0.000878 0.043697 0.001779
0.002079 0.016834 0.012861 0.011218 0.006842 0.001503 0.004681 0.000234 0.000627 0.018304 0.002474
0.001099 0.001590 0.008857 0.036903 0.006670 0.001471 0.002924 0.000382 0.000967 0.020799 0.001223
0.001842 0.022519 0.010333 0.018165 0.005418 0.000615 0.002427 0.000374 0.000643 0.053561 0.001109
0.001432 0.020479 0.004504 0.023584 0.001968 0.001553 0.000891 0.000268 0.000645 0.040422 0.003405
0.001916 0.021533 0.007108 0.015447 0.005726 0.001247 0.003835 0.000856 0.000953 0.076292 0.004569
0.001624 0.005635 0.001247 0.027406 0.003984 0.001007 0.000725 0.001361 0.000655 0.029139 0.004956
0.001708 0.007792 0.013362 0.027625 0.001989 0.001485 0.001034 0.000406 0.000960 0.044090 0.004653
0.001133 0.027554 0.005868 0.008097 0.007474 0.000408 0.002345 0.001578 0.000967 0.074629 0.004135
0.003490 0.010130 0.003218 0.010844 0.003090 0.001388 0.001473 0.000937 0.000987 0.100883 0.000934
0.001896 0.003102 0.006230 0.001562 0.002766 0.000845 0.004047 0.000264 0.000920 0.015690 0.000972
0.003132 0.002150 0.002845 0.020740 0.005249 0.000383 0.004805 0.000785 0.000529 0.027031 0.003409
0.003424 0.026566 0.008148 0.027712 0.002842 0.001416 0.001488 0.000812 0.000852 0.076980 0.003047
0.002067 0.012757 0.013112 0.021362 0.001266 0.001261 0.002255 0.000353 0.000729 0.105154 0.004131
0.000514 0.014966 0.010109 0.031305 0.005639 0.000522 0.000863 0.000213 0.000757 0.065703 0.002907
0.001369 0.000698 0.005036 0.010124 0.003072 0.001294 0.004891 0.001349 0.000546 0.085133 0.003549
0.001145 0.010492 0.006838 0.014587 0.005579 0.001593 0.003641 0.001476 0.000529 0.009470 0.002758
0.000499 0.026401 0.004810 0.008455 0.006571 0.001073 0.002085 0.000412 0.000792 0.077370 0.000709
0.000415 0.021753 0.011142 0.016646 0.005752 0.001163 0.000949 0.001321 0.000673 0.107765 0.003008
0.002409 0.024139 0.008038 0.010812 0.004942 0.001075 0.001499 0.000513 0.000924 0.009699 0.001807
0.001624 0.012636 0.013222 0.023085 0.006427 0.001158 0.001128 0.001906 0.000783 0.041192 0.002685
0.001829 0.023749 0.011969 0.015322 0.002986 0.001436 0.003205 0.001978 0.000814 0.068342 0.001324
0.000717 0.004250 0.011834 0.008316 0.003314 0.000301 0.002559 0.001865 0.000770 0.113488 0.002938
0.001282 0.006466 0.009103 0.014218 0.007157 0.000448 0.001821 0.001492 0.000880 0.052956 0.003818
0.001032 0.027920 0.002223 0.032812 0.001709 0.000847 0.003877 0.001731 0.000694 0.053764 0.004582
0.001492 0.009442 0.010213 0.010095 0.006253 0.001106 0.003648 0.001002 0.000995 0.084500 0.004175
0.003091 0.022622 0.008689 0.005362 0.001499 0.001093 0.002840 0.001116 0.000546 0.022774 0.001483
0.003345 0.027512 0.011027 0.018227 0.002048 0.001166 0.001452 0.001011 0.000856 0.017428 0.002990
0.002311 0.004029 0.003155 0.012760 0.004963 0.001349 0.004734 0.001828 0.000910 0.071240 0.002824
0.003210 0.027772 0.007092 0.015464 0.004360 0.000882 0.004790 0.001702 0.000823 0.075427 0.002531
0.000881 0.025896 0.001549 0.012379 0.003359 0.000665 0.001139 0.000331 0.000752 0.113509 0.001679
0.000458 0.006012 0.004447 0.004063 0.007710 0.001128 0.002081 0.000978 0.000703 0.011711 0.002920
0.001857 0.011049 0.002435 0.001847 0.005619 0.001383 0.002170 0.001625 0.000666 0.074797 0.003900
0.002157 0.019877 0.005192 0.034814 0.005481 0.001437 0.002070 0.000206 0.000825 0.036846 0.001286
0.003047 0.005847 0.001360 0.020369 0.006278 0.001575 0.004185 0.001044 0.000994 0.101563 0.001286
0.001745 0.019010 0.010266 0.021330 0.005418 0.000343 0.002037 0.001036 0.000656 0.091526 0.002710
0.000735 0.013507 0.001666 0.009536 0.006798 0.001551 0.004856 0.001982 0.000858 0.014903 0.003560
0.002681 0.013167 0.010162 0.015168 0.007545 0.000521 0.000972 0.001063 0.000543 0.066681 0.004937
0.001094 0.014716 0.009564 0.003669 0.006339 0.000911 0.001424 0.001921 0.000688 0.093027 0.001167
0.001055 0.019777 0.009930 0.006112 0.003944 0.001517 0.002004 0.000661 0.000729 0.057707 0.003733
0.003268 0.023395 0.002372 0.009678 0.004961 0.001129 0.003564 0.001526 0.000837 0.057020 0.002431
0.001275 0.014989 0.004930 0.020803 0.002093 0.000794 0.003999 0.000501 0.000619 0.030840 0.002944
0.000993 0.018994 0.011057 0.008795 0.007203 0.000332 0.001865 0.001424 0.000587 0.078462 0.000850
0.003210 0.025313 0.009103 0.009374 0.006000 0.001014 0.004659 0.000701 0.000658 0.015318 0.002151
0.000552 0.009841 0.010705 0.031254 0.001049 0.000936 0.002818 0.000892 0.000743 0.098356 0.000901
0.001777 0.003399 0.008377 0.016384 0.000707 0.000654 0.000865 0.000929 0.000859 0.077397 0.002992
0.001889 0.005177 0.008759 0.010672 0.007765 0.001332 0.002016 0.001667 0.000692 0.081397 0.001564
0.002070 0.027613 0.011934 0.011954 0.007542 0.000767 0.004980 0.000179 0.000687 0.097670 0.000819
0.001512 0.016115 0.007996 0.015830 0.003470 0.001339 0.002629 0.000360 0.000758 0.101445 0.002214
0.000598 0.012110 0.010672 0.001914 0.002445 0.000586 0.000654 0.001706 0.000953 0.058003 0.004827
0.003083 0.027064 0.005615 0.021552 0.002598 0.001424 0.004839 0.001442 0.000957 0.093072 0.004125
0.001330 0.010432 0.009593 0.017583 0.006017 0.000660 0.000676 0.000766 0.000982 0.100029 0.000915
0.000426 0.026423 0.002904 0.022338 0.004048 0.001015 0.004815 0.001960 0.000594 0.082255 0.002777
0.002334 0.019174 0.007433 0.001663 0.006146 0.001087 0.002638 0.000345 0.000926 0.039792 0.002242
0.003292 0.022252 0.007461 0.011545 0.000752 0.000829 0.004529 0.001619 0.000835 0.115053 0.001397
0.002239 0.027521 0.002668 0.030806 0.001390 0.000543 0.002605 0.001389 0.000953 0.009928 0.004412
0.002333 0.007690 0.008741 0.021698 0.003332 0.001070 0.002702 0.000854 0.000835 0.059821 0.002018
0.003316 0.027954 0.013506 0.006516 0.003585 0.001194 0.004134 0.000964 0.000670 0.010068 0.004947
0.002242 0.026612 0.003782 0.020192 0.000785 0.001029 0.002439 0.001488 0.000920 0.102323 0.003834
0.003090 0.003410 0.012203 0.001908 0.002749 0.000563 0.003056 0.001419 0.000858 0.108171 0.002915
0.001889 0.013620 0.001246 0.018053 0.003856 0.001212 0.000661 0.001187 0.000505 0.055474 0.002344
0.001012 0.021029 0.008116 0.019172 0.004666 0.001368 0.001657 0.001085 0.000802 0.009049 0.004079
0.002329 0.011768 0.005707 0.001932 0.001423 0.001298 0.001564 0.001710 0.000564 0.066515 0.003730
0.001135 0.020953 0.011561 0.005853 0.002239 0.000443 0.001317 0.000145 0.000505 0.057860 0.000612
0.000769 0.009376 0.001378 0.035121 0.005641 0.000398 0.003831 0.000806 0.000802 0.023548 0.001071
0.001607 0.001359 0.001656 0.012297 0.003984 0.000959 0.002975 0.001070 0.000681 0.078388 0.001041
0.001890 0.027207 0.008380 0.012061 0.006405 0.001098 0.003327 0.000618 0.000932 0.102887 0.002279
0.003491 0.018856 0.013540 0.034937 0.000347 0.000551 0.001648 0.001566 0.000658 0.037900 0.001425
0.002554 0.019184 0.004639 0.023770 0.004758 0.000569 0.001834 0.001826 0.000728 0.111763 0.000339
0.001277 0.027977 0.003008 0.012634 0.000798 0.001456 0.001740 0.000702 0.000612 0.064869 0.004402
0.001592 0.019167 0.008954 0.021890 0.000876 0.001201 0.004073 0.000902 0.000956 0.035997 0.000502
0.000932 0.004083 0.013302 0.001270 0.002329 0.000960 0.002346 0.001862 0.000942 0.014290 0.001312
0.003473 0.009387 0.001099 0.018715 0.005943 0.000499 0.004463 0.001891 0.000881 0.046676 0.002606
0.003458 0.017756 0.007780 0.002192 0.001178 0.001199 0.002160 0.000319 0.000632 0.043041 0.003912
0.002389 0.003335 0.010310 0.008387 0.007828 0.001092 0.001068 0.000791 0.000548 0.092556 0.000636
0.001717 0.023330 0.010983 0.005576 0.003555 0.000541 0.001921 0.001024 0.000752 0.050938 0.003990
0.001354 0.014616 0.005882 0.010153 0.003133 0.000994 0.001306 0.001464 0.000661 0.009894 0.001637
0.002781 0.002952 0.008575 0.005257 0.006204 0.000509 0.002207 0.000580 0.000635 0.090727 0.003117
0.003331 0.017592 0.004833 0.036505 0.002931 0.000658 0.001085 0.001219 0.000599 0.022566 0.001117
0.001866 0.009190 0.007860 0.021426 0.007592 0.001024 0.001963 0.001190 0.000820 0.064804 0.001100
0.000771 0.009125 0.002389 0.006564 0.001451 0.001458 0.003746 0.001536 0.000889 0.062092 0.001512
0.002429 0.005686 0.005472 0.028888 0.002331 0.000600 0.001771 0.001130 0.000692 0.010492 0.001183
0.001852 0.006721 0.012444 0.001540 0.004674 0.001239 0.000675 0.000252 0.000997 0.117299 0.002607
0.000541 0.019907 0.012872 0.028291 0.002911 0.000610 0.001326 0.000331 0.000831 0.091928 0.003520
0.002372 0.021806 0.010961 0.007232 0.006104 0.000436 0.003021 0.000492 0.000982 0.083887 0.001518
0.001331 0.002412 0.013903 0.025539 0.005333 0.000847 0.003794 0.000348 0.000839 0.083606 0.004217
0.002444 0.001263 0.008764 0.005591 0.003188 0.001012 0.001371 0.001269 0.000544 0.019331 0.002361
0.003363 0.003560 0.010613 0.020831 0.000230 0.001442 0.003169 0.001516 0.000914 0.071411 0.002604
0.001914 0.027563 0.003836 0.010366 0.005797 0.000828 0.001603 0.000355 0.000975 0.033861 0.003414
0.002873 0.027260 0.011450 0.022388 0.000220 0.001371 0.003492 0.001447 0.000994 0.019665 0.002931
0.000922 0.004463 0.001422 0.025334 0.002537 0.001442 0.002811 0.001341 0.000576 0.009908 0.004692
0.003354 0.007744 0.010090 0.004314 0.003115 0.001048 0.004994 0.001354 0.000523 0.067539 0.003392
0.000960 0.023339 0.012178 0.014806 0.006372 0.001202 0.000917 0.001290 0.000678 0.075529 0.002481
0.001975 0.023271 0.011447 0.014978 0.004082 0.001311 0.004368 0.000248 0.000819 0.045452 0.000799
0.001793 0.014028 0.011109 0.022698 0.006665 0.001003 0.003065 0.000680 0.000792 0.102232 0.002901
0.001797 0.005135 0.013841 0.006912 0.001340 0.001581 0.002454 0.001204 0.000505 0.034854 0.003734
0.000887 0.005885 0.013628 0.010315 0.001867 0.001008 0.004540 0.001019 0.000757 0.027534 0.003374
0.002832 0.021919 0.007499 0.009342 0.002920 0.000830 0.001409 0.000560 0.000779 0.078711 0.004984
0.001383 0.026877 0.005024 0.008984 0.002261 0.000976 0.002327 0.000410 0.000797 0.091591 0.003032
0.001547 0.015934 0.002448 0.001548 0.004416 0.000582 0.003418 0.001301 0.000891 0.037787 0.002308
0.001047 0.026278 0.012594 0.014277 0.006194 0.000688 0.001950 0.000390 0.000606 0.063374 0.001432
0.003215 0.011445 0.004602 0.007876 0.003907 0.000949 0.004801 0.000500 0.000599 0.063503 0.001351
0.000916 0.017295 0.008819 0.021295 0.004704 0.000414 0.000649 0.001239 0.000521 0.031710 0.002054
0.003197 0.025133 0.013566 0.013548 0.004215 0.000351 0.003998 0.001147 0.000573 0.083022 0.001736
0.002065 0.017110 0.002154 0.016978 0.004917 0.001076 0.004576 0.001681 0.000521 0.076710 0.004043
0.001685 0.006924 0.013605 0.012589 0.003741 0.000306 0.002012 0.001917 0.000868 0.050283 0.004265
0.003165 0.021032 0.010937 0.034392 0.006759 0.000859 0.004067 0.000628 0.000972 0.074372 0.003969
0.001768 0.017538 0.007344 0.027346 0.002545 0.000880 0.004848 0.001945 0.000966 0.097260 0.001211
0.002015 0.021672 0.002406 0.031061 0.007700 0.000797 0.003469 0.001011 0.000876 0.087428 0.004696
0.001098 0.005958 0.011779 0.030019 0.001234 0.001356 0.004775 0.001662 0.000599 0.046073 0.003194
0.002556 0.006306 0.002538 0.003996 0.006163 0.001478 0.002083 0.001818 0.000871 0.103183 0.002233
0.003196 0.019208 0.012356 0.004721 0.002137 0.001459 0.001391 0.000504 0.000825 0.100501 0.000525
0.003395 0.020461 0.005070 0.013968 0.005451 0.001492 0.003879 0.000439 0.000604 0.112824 0.001908
0.003327 0.011847 0.013396 0.017197 0.007317 0.000787 0.002208 0.001758 0.000952 0.090360 0.003946
0.001084 0.020688 0.010431 0.031107 0.001546 0.001325 0.002485 0.001744 0.000892 0.084050 0.002607
0.003281 0.002126 0.008226 0.020975 0.004700 0.000725 0.004723 0.001683 0.000569 0.098298 0.001517
0.002357 0.021405 0.013277 0.002772 0.000494 0.001297 0.004839 0.001394 0.000709 0.080412 0.004511
0.002619 0.020755 0.009609 0.016707 0.003262 0.000868 0.000830 0.001630 0.000931 0.083029 0.004399
0.002100 0.018177 0.005537 0.017127 0.001989 0.000975 0.004344 0.001546 0.000553 0.066058 0.001385
0.000937 0.007042 0.011753 0.036930 0.004012 0.001494 0.004949 0.000213 0.000990 0.052402 0.000313
0.000940 0.000744 0.003620 0.030922 0.003200 0.001254 0.004716 0.000748 0.000519 0.059977 0.004916
0.002117 0.015088 0.010052 0.036124 0.002697 0.001041 0.001168 0.001538 0.000505 0.097259 0.003284
0.000822 0.023893 0.001298 0.032890 0.007011 0.000764 0.000865 0.001381 0.000722 0.076052 0.001253
0.002904 0.009443 0.012525 0.036696 0.004984 0.000679 0.002527 0.000220 0.000929 0.036999 0.000331
0.003444 0.020287 0.013368 0.030137 0.001761 0.001305 0.002088 0.001183 0.000870 0.034576 0.001702
0.001603 0.019836 0.010751 0.015604 0.003388 0.000367 0.001180 0.001456 0.000661 0.090143 0.000648
0.001331 0.001503 0.013467 0.026515 0.000808 0.001208 0.001437 0.001098 0.000941 0.080825 0.001904
0.001676 0.009870 0.006045 0.034741 0.006897 0.000580 0.003354 0.001412 0.000611 0.036305 0.001436
0.001200 0.011717 0.013625 0.017973 0.004214 0.000468 0.004732 0.001252 0.000546 0.019775 0.001885
0.002744 0.021211 0.003360 0.024609 0.000532 0.000399 0.004530 0.001643 0.000502 0.096080 0.002534
0.002506 0.012923 0.010306 0.018152 0.007982 0.000467 0.001541 0.000741 0.000561 0.051095 0.004678
0.001448 0.017071 0.012520 0.001026 0.007619 0.001391 0.000637 0.000818 0.000667 0.060479 0.002961
0.001322 0.019000 0.012573 0.014926 0.003596 0.000881 0.001395 0.001600 0.000870 0.035700 0.002532
0.003280 0.026192 0.004645 0.027021 0.007875 0.001323 0.004516 0.001964 0.000828 0.069747 0.002270
0.002560 0.006434 0.000812 0.008122 0.007574 0.000803 0.000950 0.001939 0.000901 0.061425 0.001962
0.002624 0.026931 0.002328 0.002805 0.003111 0.000515 0.000987 0.001404 0.000671 0.083350 0.001361
0.001362 0.014583 0.008880 0.033638 0.003873 0.001408 0.003788 0.000122 0.000885 0.014784 0.000792
0.002121 0.020122 0.003472 0.027374 0.006080 0.000416 0.001457 0.001608 0.000549 0.016401 0.004189
0.003286 0.007395 0.004707 0.030017 0.005293 0.000649 0.001528 0.001054 0.000976 0.063540 0.003180
0.003358 0.007343 0.009773 0.028838 0.000639 0.001549 0.003752 0.000310 0.000718 0.025147 0.001385
0.002926 0.009064 0.008240 0.015492 0.007351 0.000596 0.002822 0.001225 0.000674 0.108537 0.002327
0.002445 0.007963 0.011273 0.029659 0.006432 0.000738 0.003318 0.001359 0.000644 0.094766 0.000816
0.002107 0.012622 0.009286 0.013436 0.007555 0.001589 0.004805 0.001114 0.000818 0.055537 0.001614
0.002067 0.014626 0.007663 0.026907 0.001973 0.001336 0.001208 0.001579 0.000515 0.077330 0.003448
0.003201 0.007486 0.002852 0.013174 0.006830 0.001277 0.003851 0.001368 0.000546 0.110317 0.004561
0.002289 0.014799 0.011388 0.009007 0.004671 0.000479 0.004866 0.001461 0.000608 0.115845 0.003568
0.000654 0.018183 0.001185 0.018749 0.005657 0.000548 0.001870 0.001560 0.000569 0.048803 0.003999
0.002853 0.013523 0.010947 0.013932 0.006899 0.001375 0.002302 0.001731 0.000622 0.114953 0.002600
0.002800 0.011394 0.008900 0.028421 0.000570 0.000691 0.002953 0.001956 0.000577 0.065723 0.004206
0.001160 0.020035 0.000986 0.003681 0.007448 0.001082 0.003172 0.000247 0.000591 0.048595 0.004465
0.003102 0.009791 0.005335 0.010806 0.003382 0.001161 0.004205 0.000744 0.000596 0.049037 0.003272
0.003348 0.016995 0.008924 0.013192 0.007535 0.000427 0.004620 0.000107 0.000711 0.038898 0.002997
0.002914 0.009836 0.012578 0.033179 0.005994 0.001376 0.002025 0.001412 0.000873 0.027642 0.002007
0.001152 0.005526 0.002054 0.033664 0.001727 0.001349 0.004005 0.000188 0.000755 0.022149 0.004350
0.000705 0.008301 0.004232 0.028787 0.004243 0.000674 0.003944 0.001742 0.000616 0.029961 0.004366
0.002515 0.016153 0.012125 0.018928 0.005926 0.000705 0.001390 0.001090 0.000836 0.092597 0.004432
0.001093 0.000747 0.013312 0.035252 0.000462 0.000827 0.003846 0.000145 0.000779 0.032142 0.001106
0.001523 0.007307 0.010449 0.007412 0.006890 0.000501 0.004190 0.001540 0.000532 0.065111 0.002380
0.001202 0.014932 0.010662 0.036861 0.000603 0.000383 0.001424 0.001029 0.000880 0.045452 0.003958
0.001603 0.016054 0.008415 0.035343 0.006924 0.000834 0.003635 0.001296 0.000933 0.036713 0.003604
0.001585 0.011940 0.002769 0.022794 0.004172 0.001477 0.003486 0.000843 0.000772 0.085131 0.002069
0.001282 0.012927 0.006302 0.031115 0.004630 0.000605 0.004645 0.001391 0.000768 0.020315 0.003403
0.002847 0.003072 0.009641 0.035105 0.005557 0.000968 0.003499 0.001363 0.000933 0.072068 0.000894
0.002932 0.027580 0.001933 0.024558 0.007590 0.000431 0.003649 0.001950 0.000635 0.065257 0.002636
0.002236 0.024849 0.001022 0.033230 0.002646 0.000432 0.000643 0.000305 0.000999 0.097210 0.002738
0.002306 0.008263 0.011600 0.015062 0.007619 0.001113 0.003717 0.001879 0.000533 0.028080 0.004267
0.000550 0.012761 0.004283 0.027829 0.000706 0.000562 0.002921 0.000656 0.000781 0.115626 0.001835
0.003497 0.009835 0.010454 0.024613 0.003144 0.001187 0.003265 0.000530 0.000960 0.070057 0.004587
0.000477 0.015997 0.001004 0.008286 0.001238 0.001238 0.002285 0.001401 0.000572 0.045442 0.000349
0.000546 0.001755 0.011293 0.013886 0.001610 0.001112 0.000744 0.000850 0.000981 0.031986 0.001175
0.002484 0.009371 0.011887 0.031890 0.002227 0.001576 0.003149 0.000870 0.000564 0.011794 0.004993
0.000902 0.011817 0.003214 0.010835 0.002528 0.000949 0.004726 0.001735 0.000544 0.018106 0.004208
0.001780 0.003891 0.008911 0.025184 0.007047 0.001002 0.003624 0.001081 0.000785 0.032528 0.003228
0.000701 0.009052 0.012644 0.028054 0.007635 0.000484 0.002102 0.000646 0.000690 0.021715 0.003590
0.001606 0.013762 0.005984 0.001870 0.007812 0.000464 0.001968 0.001452 0.000859 0.029126 0.003701
0.000495 0.016786 0.008534 0.015767 0.004475 0.001375 0.003973 0.001127 0.000728 0.084155 0.000704
0.001795 0.002570 0.009367 0.027119 0.005756 0.000684 0.001547 0.000536 0.000581 0.020454 0.004365
0.001445 0.026413 0.009370 0.011568 0.006098 0.001327 0.004402 0.000951 0.000524 0.093479 0.004910
0.002560 0.016718 0.008406 0.018044 0.003089 0.001167 0.002957 0.001586 0.000950 0.046195 0.001165
0.003237 0.006677 0.006069 0.033066 0.004528 0.001050 0.001642 0.001849 0.000521 0.037853 0.003985
0.000802 0.022198 0.001020 0.004589 0.006906 0.000573 0.004882 0.001136 0.000737 0.030069 0.003576
0.002322 0.002259 0.002892 0.004685 0.002224 0.001336 0.002735 0.000383 0.000638 0.074535 0.003627
0.001239 0.026720 0.002068 0.020678 0.006202 0.000390 0.001573 0.001662 0.000820 0.071742 0.000367
0.000593 0.011691 0.005162 0.016405 0.001528 0.000424 0.000783 0.000233 0.000602 0.036011 0.002650
0.001021 0.027436 0.003999 0.030222 0.000925 0.000415 0.002348 0.000944 0.000778 0.098123 0.003849
0.002194 0.021570 0.013297 0.033933 0.001890 0.001309 0.003750 0.000314 0.000951 0.022950 0.004379
0.003327 0.007233 0.001746 0.002883 0.002728 0.000984 0.001788 0.000528 0.000863 0.045447 0.002299
0.002607 0.006084 0.007039 0.024309 0.001232 0.000586 0.001721 0.001162 0.000593 0.067992 0.002642
0.002113 0.007609 0.012803 0.018654 0.003128 0.001414 0.003103 0.001819 0.000593 0.106545 0.004398
0.001782 0.009560 0.003557 0.017331 0.007155 0.000930 0.003397 0.001085 0.000675 0.092448 0.001107
0.002014 0.022050 0.013408 0.010659 0.006248 0.001317 0.003697 0.001703 0.000928 0.049240 0.000807
0.002244 0.017096 0.010424 0.025574 0.005024 0.000473 0.002605 0.001978 0.000612 0.032393 0.004458
0.002280 0.003442 0.002501 0.020887 0.005370 0.000903 0.001457 0.001262 0.000939 0.092654 0.001761
0.002441 0.000543 0.004046 0.011484 0.004806 0.000866 0.000668 0.001428 0.000820 0.015517 0.001248
0.003207 0.012669 0.007906 0.013493 0.005142 0.000417 0.004945 0.001697 0.000879 0.119133 0.003318
0.000434 0.017499 0.007162 0.026450 0.003172 0.000471 0.004930 0.001474 0.000694 0.091019 0.002891
0.002448 0.023603 0.008901 0.033196 0.006799 0.001151 0.001569 0.000362 0.000836 0.086469 0.001555
0.003373 0.026924 0.013464 0.018845 0.004162 0.000591 0.000673 0.001507 0.000662 0.045883 0.004766
0.003210 0.009410 0.007680 0.013674 0.005702 0.000942 0.003958 0.000630 0.000650 0.055941 0.001730
0.000604 0.016515 0.012458 0.028136 0.001797 0.001392 0.001011 0.000224 0.000839 0.024674 0.000951
0.002313 0.001762 0.006485 0.013970 0.006032 0.000802 0.001776 0.000567 0.000862 0.105207 0.003877
0.000594 0.017109 0.002927 0.034641 0.004308 0.001221 0.004861 0.000930 0.000552 0.091819 0.003984
0.003301 0.009606 0.007049 0.026644 0.006183 0.001047 0.004951 0.001728 0.000606 0.097761 0.000863
0.000671 0.016040 0.011272 0.012033 0.001639 0.001118 0.001065 0.001433 0.000809 0.098597 0.004674
0.001608 0.006889 0.003030 0.009967 0.007045 0.000992 0.004035 0.000115 0.000865 0.077127 0.000428
0.003025 0.013535 0.009553 0.031148 0.005415 0.001043 0.002205 0.000731 0.000603 0.102982 0.002528
0.000838 0.016842 0.005934 0.009438 0.001493 0.000357 0.003254 0.000235 0.000947 0.042853 0.000894
0.002901 0.001070 0.004861 0.036136 0.004377 0.000597 0.003872 0.000538 0.000596 0.071773 0.001568
0.000909 0.006046 0.012091 0.035881 0.006473 0.000957 0.004163 0.000830 0.000900 0.049846 0.002559
0.001064 0.022883 0.009029 0.008970 0.002557 0.001139 0.004321 0.000113 0.000548 0.065776 0.003578
0.001921 0.026803 0.001483 0.026782 0.007916 0.000481 0.002280 0.000223 0.000910 0.035174 0.004415
0.001534 0.001742 0.004403 0.032696 0.005273 0.000641 0.004949 0.000202 0.000537 0.071287 0.001701
0.000642 0.020869 0.008657 0.017719 0.004235 0.001392 0.002587 0.000938 0.000754 0.100784 0.004421
0.000433 0.014184 0.009862 0.015526 0.005977 0.001500 0.001469 0.001281 0.000586 0.103116 0.004448
0.001140 0.017979 0.008854 0.025222 0.003949 0.000366 0.003582 0.000661 0.000928 0.030226 0.001364
0.001296 0.019858 0.004959 0.025191 0.004652 0.000486 0.004756 0.001157 0.000646 0.069442 0.003834
0.003453 0.020842 0.008021 0.002902 0.001338 0.000623 0.003086 0.000999 0.000848 0.028991 0.004428
0.002341 0.004162 0.009888 0.004412 0.002082 0.000625 0.004178 0.000498 0.000709 0.023793 0.004128
0.002934 0.004167 0.005255 0.010165 0.003274 0.000627 0.001821 0.001907 0.000769 0.117338 0.002670
0.002146 0.007789 0.013742 0.018278 0.002356 0.000693 0.000664 0.001861 0.000563 0.064367 0.003911
0.002941 0.010105 0.013005 0.033632 0.003963 0.001171 0.004942 0.001918 0.000754 0.054791 0.002716
0.002404 0.014581 0.000937 0.013410 0.006295 0.000374 0.003526 0.000587 0.000728 0.076916 0.002305
0.003004 0.026083 0.011495 0.005560 0.003557 0.001062 0.000875 0.001624 0.000741 0.048482 0.001106
0.003010 0.010872 0.012903 0.006326 0.001418 0.000420 0.002470 0.000849 0.000937 0.059974 0.002217
0.001587 0.007878 0.012705 0.008846 0.001714 0.000825 0.003671 0.000640 0.000726 0.049816 0.003621
0.000659 0.004035 0.002391 0.013037 0.007675 0.001426 0.003347 0.000688 0.000640 0.045428 0.004232
0.002208 0.023480 0.002025 0.021634 0.007921 0.000626 0.003495 0.000517 0.000978 0.027489 0.001383
0.000548 0.027782 0.009482 0.016998 0.004082 0.000548 0.004582 0.001449 0.000995 0.025033 0.002475
0.001660 0.004795 0.010151 0.005471 0.001448 0.001081 0.002692 0.001079 0.000517 0.026330 0.001572
0.002872 0.018655 0.004913 0.023974 0.001178 0.000425 0.003475 0.001379 0.000563 0.108254 0.004282
0.002794 0.013934 0.008898 0.014373 0.001984 0.000841 0.003287 0.000493 0.000878 0.103750 0.004508
0.000576 0.020607 0.013830 0.026601 0.004045 0.000685 0.003575 0.000645 0.000895 0.013400 0.002388
0.002457 0.005552 0.002455 0.019715 0.006794 0.000929 0.001618 0.001463 0.000510 0.020008 0.001225
0.001557 0.004505 0.009486 0.004163 0.006640 0.000453 0.003237 0.000757 0.000765 0.104566 0.004353
0.002206 0.013708 0.012075 0.028028 0.000357 0.001145 0.003300 0.001281 0.000906 0.037453 0.001650
0.003320 0.027101 0.009132 0.015774 0.003280 0.001599 0.004016 0.001703 0.000550 0.024973 0.003541
0.002860 0.024637 0.011537 0.022803 0.006304 0.001042 0.004177 0.000910 0.000604 0.093678 0.001651
0.001675 0.018834 0.013716 0.018901 0.003919 0.001101 0.004770 0.001772 0.000932 0.020572 0.001314
0.000654 0.011232 0.012309 0.011271 0.002910 0.000877 0.004714 0.001253 0.000736 0.034301 0.001212
0.003453 0.013160 0.003367 0.033534 0.001833 0.000743 0.003899 0.001179 0.000978 0.015526 0.000983
0.001765 0.025777 0.001038 0.006931 0.002329 0.000490 0.002937 0.001337 0.000501 0.041192 0.002570
0.001001 0.015618 0.013502 0.001640 0.005023 0.001381 0.003838 0.001785 0.000862 0.065951 0.004253
0.001393 0.021967 0.001805 0.008407 0.007657 0.001522 0.000749 0.000361 0.000789 0.035531 0.002763
0.002784 0.006286 0.005560 0.022339 0.007691 0.001064 0.000715 0.001774 0.000773 0.104579 0.004694
0.000854 0.014728 0.002957 0.028314 0.004503 0.000381 0.004357 0.001445 0.000984 0.075705 0.002058
0.002196 0.010636 0.004358 0.028732 0.002708 0.000567 0.004340 0.000309 0.000657 0.075832 0.002127
0.002147 0.021654 0.010494 0.016152 0.004057 0.000458 0.000715 0.001818 0.000552 0.016046 0.000491
0.003457 0.004092 0.011377 0.030109 0.001175 0.001124 0.003552 0.001315 0.000775 0.065865 0.000746
0.000721 0.003823 0.004561 0.025080 0.002232 0.000656 0.003086 0.000282 0.000896 0.090794 0.001698
0.002277 0.006302 0.008039 0.023825 0.002777 0.001204 0.001577 0.000236 0.000871 0.089915 0.002989
0.001290 0.013563 0.007445 0.005551 0.006576 0.001045 0.002614 0.000331 0.000552 0.054477 0.000333
0.001543 0.023448 0.010974 0.034480 0.000818 0.000650 0.002044 0.000763 0.000681 0.030144 0.004649
0.003128 0.026681 0.005104 0.011767 0.003781 0.001356 0.000998 0.001883 0.000984 0.074573 0.002083
0.000904 0.012966 0.004967 0.026362 0.004387 0.000539 0.001299 0.000614 0.000688 0.047944 0.003925
0.001470 0.003460 0.010092 0.009351 0.006129 0.001156 0.002827 0.001824 0.000826 0.013272 0.002460
0.002492 0.007504 0.005062 0.024108 0.003851 0.000472 0.003061 0.001607 0.000534 0.037454 0.004350
0.001869 0.006085 0.005007 0.023703 0.002358 0.001141 0.002785 0.000450 0.000887 0.079787 0.004095
0.001326 0.024013 0.001260 0.005613 0.007056 0.001057 0.003298 0.001257 0.000833 0.028459 0.004848
0.001123 0.014269 0.007901 0.014490 0.003578 0.000406 0.003423 0.001443 0.000610 0.080145 0.001615
0.003363 0.008285 0.009103 0.009372 0.004694 0.000680 0.004800 0.000705 0.000751 0.038045 0.002875
0.002538 0.024807 0.001847 0.018511 0.007012 0.000892 0.002900 0.001722 0.000691 0.064631 0.001607
0.000609 0.002362 0.009582 0.030337 0.003780 0.000558 0.000832 0.000804 0.000529 0.084526 0.003029
0.002485 0.023812 0.012978 0.006019 0.004016 0.000942 0.002598 0.000865 0.000744 0.036586 0.004218
0.001299 0.017052 0.005442 0.003393 0.001710 0.001204 0.002328 0.001058 0.000560 0.065204 0.004045
0.003469 0.012141 0.002947 0.034965 0.001209 0.000530 0.002404 0.000149 0.000992 0.043293 0.003699
0.001225 0.003662 0.012062 0.021544 0.002829 0.000797 0.004218 0.000700 0.000960 0.085541 0.001842
0.001609 0.008785 0.005272 0.017309 0.005542 0.001313 0.004445 0.001643 0.000701 0.056917 0.002200
0.000571 0.012767 0.009321 0.035845 0.004885 0.000661 0.004980 0.000978 0.000520 0.032962 0.000749
0.002034 0.008703 0.009133 0.019430 0.005226 0.000940 0.000925 0.000943 0.000894 0.058573 0.001650
0.000780 0.025030 0.005406 0.019720 0.004790 0.000384 0.004603 0.001247 0.000779 0.054155 0.001872
0.000636 0.016573 0.012439 0.025851 0.001213 0.001140 0.002178 0.001393 0.000828 0.009190 0.003735
0.003044 0.001280 0.005024 0.014041 0.004390 0.001029 0.001959 0.001009 0.000627 0.045639 0.004920
0.001100 0.019671 0.010197 0.030932 0.003307 0.000927 0.004628 0.000951 0.000662 0.077172 0.001153
0.002776 0.001064 0.003117 0.029360 0.007327 0.000445 0.003311 0.001913 0.000623 0.105044 0.002642
0.003420 0.003031 0.001653 0.002326 0.005850 0.001217 0.000672 0.000862 0.000970 0.041054 0.003887
0.001304 0.019989 0.011647 0.012664 0.002042 0.000482 0.004007 0.000510 0.000698 0.031498 0.001928
0.001392 0.004033 0.005007 0.008914 0.006399 0.000996 0.004873 0.001129 0.000682 0.095150 0.003652
0.000743 0.001419 0.001647 0.020559 0.001073 0.001322 0.003969 0.000199 0.000658 0.100993 0.002961
0.000688 0.019747 0.013505 0.036085 0.005751 0.000705 0.003314 0.001560 0.000878 0.060628 0.002202
0.000630 0.001177 0.004890 0.004637 0.003102 0.001038 0.001527 0.001596 0.000684 0.022658 0.001968
0.003305 0.002078 0.012957 0.019407 0.002464 0.001445 0.002672 0.000470 0.000526 0.014145 0.003019
0.001958 0.018691 0.001423 0.001365 0.006261 0.000758 0.003311 0.000459 0.000925 0.092000 0.003289
0.003059 0.017965 0.011536 0.002398 0.002585 0.001058 0.004666 0.000541 0.000922 0.035774 0.001250
0.002103 0.019404 0.004184 0.010753 0.000753 0.001588 0.003222 0.001952 0.000691 0.066132 0.003316
0.002392 0.017995 0.011066 0.014881 0.005770 0.001366 0.001417 0.001857 0.000782 0.049529 0.001488
0.001543 0.002075 0.003282 0.010073 0.000411 0.000390 0.003648 0.001293 0.000810 0.110530 0.000314
0.003069 0.025052 0.003122 0.006871 0.003450 0.001539 0.002860 0.001788 0.000590 0.014066 0.002945
0.001382 0.008641 0.005068 0.035955 0.002232 0.001167 0.001538 0.001860 0.000611 0.012402 0.002540
0.003148 0.023290 0.006886 0.029314 0.007722 0.001303 0.004241 0.000321 0.000968 0.022042 0.003399
0.001285 0.001374 0.003769 0.006102 0.004128 0.000663 0.002694 0.000295 0.000606 0.119793 0.004947
0.000862 0.020907 0.004038 0.030461 0.002237 0.001353 0.000847 0.000594 0.000907 0.089344 0.002687
0.003070 0.022391 0.004342 0.028159 0.004155 0.000624 0.003631 0.001361 0.000534 0.075311 0.004603
0.002348 0.015414 0.013434 0.018054 0.007032 0.000785 0.003667 0.000900 0.000503 0.104500 0.004425
0.003073 0.020278 0.010055 0.026008 0.005812 0.001117 0.004169 0.001705 0.000820 0.097895 0.000896
0.001388 0.006022 0.013820 0.028146 0.006460 0.000382 0.002301 0.000770 0.000973 0.076003 0.002324
0.001441 0.007988 0.004689 0.032406 0.003531 0.000348 0.001939 0.001444 0.000758 0.013852 0.002685
0.002789 0.001796 0.004863 0.001565 0.007270 0.000305 0.003858 0.000601 0.000971 0.096787 0.003009
0.001605 0.009386 0.012520 0.001376 0.003495 0.001167 0.000787 0.001714 0.000868 0.054193 0.004667
0.002142 0.006917 0.004976 0.035624 0.007408 0.000913 0.000684 0.001678 0.000578 0.072076 0.000880
0.002309 0.018182 0.009932 0.014101 0.004853 0.000626 0.001000 0.000211 0.000891 0.098658 0.003043
0.002111 0.024231 0.012808 0.023874 0.004557 0.000542 0.000668 0.001502 0.000706 0.029250 0.003749
0.002796 0.009822 0.013009 0.010663 0.000957 0.000621 0.002598 0.000561 0.000768 0.097233 0.004349
0.003192 0.007841 0.007869 0.024918 0.000487 0.000432 0.002195 0.000690 0.000713 0.093407 0.004909
0.002274 0.001018 0.011064 0.016386 0.007796 0.001308 0.004899 0.000788 0.000575 0.040656 0.002394
0.001017 0.010531 0.009037 0.017724 0.004980 0.001048 0.003653 0.001245 0.000920 0.008986 0.003901
0.001081 0.027236 0.003111 0.006292 0.001257 0.001134 0.003483 0.000783 0.000898 0.018398 0.002224
0.001824 0.023312 0.013952 0.007972 0.004150 0.000598 0.001310 0.001245 0.000579 0.106493 0.001406
0.001808 0.018108 0.001532 0.013767 0.004407 0.000419 0.001138 0.001850 0.000784 0.104180 0.001710
0.001619 0.022048 0.008846 0.017159 0.006738 0.001572 0.003568 0.000702 0.000970 0.021365 0.001737
0.000505 0.013501 0.013018 0.026697 0.005624 0.001573 0.003046 0.001475 0.000743 0.062989 0.003147
0.002899 0.022881 0.009575 0.010502 0.007656 0.001036 0.001158 0.000570 0.000608 0.058098 0.001961
0.002100 0.007882 0.008334 0.031522 0.001702 0.000737 0.004214 0.001218 0.000656 0.022518 0.000998
0.000795 0.015258 0.006411 0.006407 0.006976 0.000736 0.001141 0.001605 0.000902 0.031903 0.003056
0.000626 0.003372 0.006297 0.030337 0.007799 0.001339 0.003471 0.000302 0.000984 0.070675 0.003023
0.003385 0.021172 0.003568 0.013287 0.000720 0.001592 0.003889 0.000257 0.000852 0.095492 0.003892
0.002251 0.015854 0.013663 0.033827 0.003617 0.001121 0.003203 0.001537 0.000712 0.030405 0.000451
0.000454 0.008800 0.013622 0.008782 0.006311 0.000595 0.004875 0.001495 0.000844 0.020100 0.001878
0.002982 0.000602 0.007498 0.018880 0.006941 0.000888 0.002714 0.000263 0.000883 0.075135 0.002147
0.001372 0.001263 0.012978 0.029916 0.006074 0.001040 0.001951 0.000203 0.000892 0.104325 0.000501
0.000415 0.019873 0.013408 0.005726 0.003942 0.000988 0.002148 0.001543 0.000893 0.077574 0.000407
0.002393 0.018876 0.012603 0.028947 0.006402 0.000323 0.004935 0.001028 0.000979 0.054610 0.000796
0.002378 0.007384 0.009622 0.031322 0.002130 0.000892 0.003940 0.000745 0.000616 0.012964 0.002909
0.002687 0.012198 0.009759 0.001871 0.004331 0.000780 0.001118 0.000692 0.000907 0.017003 0.002249
0.003237 0.020052 0.004330 0.003748 0.002746 0.000696 0.004633 0.000967 0.000691 0.102078 0.001052
0.003030 0.013828 0.009817 0.024574 0.006611 0.000862 0.001993 0.001717 0.000777 0.082778 0.003988
0.002595 0.006236 0.006315 0.026463 0.002240 0.001197 0.002750 0.000853 0.000786 0.032038 0.003574
0.002347 0.023549 0.008562 0.024796 0.002279 0.001087 0.000981 0.001265 0.000560 0.055723 0.001944
0.002728 0.018289 0.007725 0.009181 0.001004 0.000303 0.004797 0.000386 0.000540 0.092546 0.001176
0.002243 0.012522 0.002657 0.026459 0.007397 0.001516 0.001510 0.001488 0.000842 0.074988 0.001687
0.003118 0.023749 0.013031 0.034625 0.000222 0.000728 0.003571 0.000461 0.000912 0.054021 0.003084
0.002120 0.008476 0.003017 0.001308 0.003868 0.001508 0.002526 0.001869 0.000875 0.008367 0.000600
0.002306 0.009612 0.008176 0.032475 0.006948 0.001511 0.001194 0.000391 0.000915 0.086320 0.003935
0.001473 0.017956 0.011337 0.009109 0.003815 0.000471 0.001887 0.001314 0.000571 0.092232 0.001781
0.001653 0.004116 0.012862 0.013144 0.003320 0.001419 0.001592 0.001938 0.000571 0.054949 0.001259
0.001942 0.027771 0.001058 0.029894 0.007825 0.000864 0.004346 0.001290 0.000740 0.066145 0.000372
0.002954 0.001641 0.005014 0.017200 0.005255 0.000598 0.004796 0.001083 0.000609 0.008888 0.003022
0.001178 0.024128 0.002373 0.035490 0.003929 0.000936 0.002175 0.000736 0.000714 0.029835 0.003961
0.001286 0.006337 0.007523 0.022401 0.005546 0.001045 0.000687 0.000644 0.000667 0.020563 0.004577
0.001192 0.009132 0.013857 0.007516 0.006122 0.000403 0.004633 0.000168 0.000866 0.102050 0.001403
0.002591 0.002934 0.007653 0.002114 0.006534 0.000843 0.001892 0.001624 0.000709 0.031337 0.004819
0.002258 0.008475 0.005549 0.021471 0.006287 0.000930 0.002378 0.001600 0.000808 0.060672 0.003046
0.002378 0.027128 0.004374 0.008746 0.003213 0.000503 0.002600 0.001158 0.000545 0.011211 0.002641
0.001965 0.021766 0.006075 0.017911 0.002456 0.000818 0.004744 0.001989 0.000569 0.078697 0.004319
0.002725 0.015829 0.002097 0.026774 0.004631 0.000783 0.003156 0.001997 0.000583 0.097819 0.001409
0.000982 0.027860 0.007100 0.020882 0.006565 0.001200 0.001955 0.001894 0.000590 0.054391 0.001034
0.001173 0.011383 0.003477 0.010698 0.005799 0.001037 0.003949 0.000184 0.000599 0.050300 0.003804
0.002107 0.014934 0.013094 0.009656 0.003735 0.000358 0.004368 0.001998 0.000624 0.084318 0.001473
0.000670 0.005049 0.005340 0.001850 0.005013 0.001530 0.001716 0.000917 0.000719 0.107848 0.004306
0.003433 0.014460 0.012395 0.004178 0.006750 0.001518 0.002350 0.001683 0.000980 0.025672 0.001154
0.001682 0.002229 0.003593 0.029696 0.005382 0.001148 0.001139 0.000706 0.000524 0.117147 0.002504
0.003010 0.010313 0.009894 0.024462 0.002008 0.001231 0.003980 0.001549 0.000540 0.041094 0.001166
0.001319 0.005192 0.002012 0.033434 0.007194 0.001513 0.001548 0.000277 0.000630 0.069844 0.002727
0.002797 0.012577 0.010683 0.012840 0.004457 0.000962 0.001428 0.000841 0.000654 0.057830 0.001396
0.002775 0.015456 0.007283 0.013290 0.000395 0.000981 0.001283 0.001137 0.000650 0.024812 0.004447
0.001373 0.007388 0.013512 0.033928 0.005519 0.001320 0.003002 0.000819 0.000979 0.090366 0.003514
0.002226 0.009731 0.012246 0.002310 0.007162 0.001406 0.004443 0.001963 0.000851 0.119320 0.001549
0.002586 0.017192 0.001133 0.020253 0.004174 0.001261 0.002195 0.001389 0.000586 0.078176 0.002321
0.002643 0.013385 0.003433 0.011546 0.002298 0.000583 0.001658 0.001696 0.000731 0.059263 0.002909
0.001442 0.018820 0.000924 0.014051 0.003985 0.001116 0.002144 0.001573 0.000919 0.066392 0.001302
0.002644 0.010054 0.010943 0.025804 0.001284 0.001459 0.001039 0.001842 0.000807 0.082406 0.002166
0.000593 0.004717 0.011397 0.020119 0.001200 0.001132 0.004239 0.000364 0.000551 0.010277 0.001217
0.000873 0.023600 0.008641 0.018226 0.001995 0.000947 0.002389 0.001105 0.000734 0.047291 0.002961
0.002782 0.015959 0.009923 0.016976 0.007885 0.000492 0.000960 0.000923 0.000651 0.041349 0.004710
0.001488 0.001915 0.012065 0.007741 0.001027 0.001502 0.001415 0.001147 0.000970 0.099137 0.001090
0.000525 0.000753 0.011893 0.006202 0.002328 0.000969 0.002003 0.000667 0.000740 0.014623 0.001972
0.002010 0.001863 0.009753 0.011767 0.007440 0.001475 0.002785 0.000994 0.000575 0.008269 0.003697
0.001086 0.014151 0.001384 0.002284 0.004245 0.000612 0.002990 0.001600 0.000931 0.072256 0.001433
0.003356 0.002138 0.002112 0.024122 0.000720 0.001201 0.003208 0.001046 0.000516 0.104181 0.004615
0.000463 0.026722 0.006117 0.023617 0.002610 0.001322 0.001720 0.001891 0.000745 0.070556 0.001022
0.003473 0.018217 0.005967 0.035970 0.004246 0.000429 0.003738 0.001484 0.000953 0.069088 0.000690
0.002687 0.015064 0.001887 0.025240 0.003192 0.000521 0.003764 0.001989 0.000840 0.042302 0.002551
0.002016 0.008994 0.007313 0.005597 0.000853 0.001111 0.002682 0.001153 0.000845 0.044408 0.004025
0.000554 0.023215 0.005572 0.010194 0.005688 0.000783 0.001642 0.000770 0.000715 0.085325 0.004589
0.002149 0.001741 0.008615 0.029874 0.002950 0.001460 0.001252 0.000611 0.000527 0.086898 0.001733
0.000809 0.004314 0.001414 0.002300 0.005767 0.000540 0.000661 0.000975 0.000915 0.071377 0.002459
0.003245 0.025990 0.008582 0.015780 0.003330 0.000965 0.004262 0.001559 0.000896 0.046480 0.003369
0.001169 0.016975 0.005650 0.003466 0.000969 0.000458 0.002228 0.001588 0.000924 0.049823 0.004461
0.002666 0.004852 0.004732 0.012484 0.001107 0.001571 0.002516 0.000672 0.000911 0.082946 0.004713
0.003384 0.027384 0.006846 0.024692 0.004446 0.000323 0.004943 0.000642 0.000758 0.024782 0.004917
0.001546 0.000743 0.007205 0.028668 0.003197 0.001126 0.002015 0.001750 0.000767 0.105714 0.003230
0.001231 0.017559 0.009528 0.012078 0.007779 0.000995 0.003732 0.001741 0.000516 0.074716 0.001857
0.001672 0.001518 0.010833 0.012626 0.005441 0.001045 0.003880 0.001771 0.000927 0.054940 0.003955
0.001197 0.016781 0.004007 0.011732 0.001101 0.000447 0.001665 0.001394 0.000809 0.114567 0.003135
0.003403 0.022201 0.013279 0.031700 0.006047 0.000633 0.003671 0.000797 0.000869 0.059248 0.002038
0.001700 0.009730 0.001120 0.022637 0.004054 0.000774 0.002802 0.000287 0.000618 0.114700 0.001597
0.000612 0.004065 0.004212 0.022279 0.004132 0.001076 0.002865 0.000113 0.000851 0.115946 0.004643
0.003499 0.018731 0.002573 0.026032 0.003149 0.000390 0.003907 0.000807 0.000831 0.046343 0.001422
0.000406 0.014755 0.010118 0.036811 0.003885 0.000890 0.001807 0.000578 0.000627 0.019184 0.000903
0.000887 0.011686 0.009660 0.002743 0.004517 0.000947 0.004690 0.000486 0.000574 0.008923 0.003916
0.001847 0.018536 0.005268 0.010078 0.005532 0.001389 0.004096 0.001254 0.000528 0.074008 0.002074
0.001062 0.013765 0.011179 0.010225 0.002651 0.000870 0.003504 0.000234 0.000796 0.015610 0.000352
0.002756 0.002859 0.004853 0.028350 0.002619 0.001424 0.001191 0.000385 0.000627 0.082297 0.002279
0.002874 0.002602 0.007568 0.027927 0.000806 0.000991 0.001766 0.000357 0.000621 0.016114 0.000455
0.001506 0.005421 0.011951 0.024550 0.006874 0.001160 0.003910 0.001759 0.000579 0.105433 0.003891
0.002599 0.005313 0.013591 0.001869 0.000800 0.000733 0.002046 0.001646 0.000586 0.008447 0.004956
0.002187 0.004239 0.004528 0.006559 0.000447 0.000600 0.002589 0.000185 0.000745 0.043351 0.004662
0.000755 0.025528 0.004242 0.001889 0.005276 0.000514 0.002750 0.000489 0.000656 0.043863 0.004833
0.002231 0.005831 0.004932 0.017131 0.001353 0.000412 0.000641 0.000193 0.000831 0.108977 0.003796
0.001569 0.023316 0.013619 0.003505 0.002389 0.001342 0.001351 0.001467 0.000981 0.014425 0.003188
0.002052 0.011473 0.002403 0.021569 0.005486 0.001550 0.003402 0.000152 0.000578 0.092967 0.001082
0.000624 0.027859 0.006161 0.024417 0.001502 0.000887 0.002421 0.000652 0.000843 0.100396 0.003998
0.001502 0.006854 0.008561 0.015490 0.000442 0.001511 0.003779 0.001686 0.000872 0.108994 0.003963
0.002790 0.009471 0.008868 0.027096 0.003000 0.001063 0.004679 0.001834 0.000617 0.008285 0.000941
0.000594 0.011476 0.001167 0.020779 0.003007 0.000689 0.002333 0.001502 0.000700 0.079074 0.004985
0.002589 0.010517 0.002454 0.017455 0.000666 0.000386 0.004394 0.001937 0.000774 0.044639 0.001612
0.001059 0.006460 0.010060 0.022399 0.000538 0.001056 0.003699 0.000950 0.000695 0.070665 0.001006
0.003010 0.006274 0.006279 0.008223 0.006428 0.001148 0.004038 0.000659 0.000828 0.010577 0.000502
0.001533 0.022209 0.004810 0.023096 0.006547 0.000343 0.003629 0.000251 0.000580 0.024045 0.002933
0.002256 0.013983 0.003202 0.032566 0.004077 0.000318 0.002827 0.000698 0.000500 0.086391 0.000936
0.000595 0.026586 0.010712 0.034349 0.006477 0.001583 0.001654 0.001103 0.000908 0.016035 0.002741
0.002593 0.026137 0.001116 0.003172 0.004496 0.001137 0.002013 0.000228 0.000758 0.041383 0.002193
0.003464 0.001868 0.011195 0.012897 0.005959 0.000675 0.001528 0.001223 0.000531 0.054166 0.002121
0.002909 0.011143 0.003894 0.032409 0.007127 0.001550 0.004398 0.001933 0.000791 0.061388 0.001692
0.003174 0.016108 0.012460 0.002090 0.001660 0.000381 0.002088 0.000281 0.000764 0.116523 0.003201
0.001102 0.010412 0.002089 0.008042 0.001127 0.000913 0.003831 0.001672 0.000879 0.063220 0.004049
0.002049 0.002395 0.001918 0.007782 0.007034 0.001100 0.001690 0.001928 0.000577 0.015634 0.001413
0.001692 0.011604 0.010292 0.025770 0.007724 0.001025 0.002773 0.001159 0.000608 0.106343 0.001089
0.000713 0.019357 0.005298 0.011016 0.006152 0.001169 0.004303 0.000448 0.000732 0.031146 0.002884
0.002625 0.007176 0.005374 0.010999 0.003570 0.000496 0.001425 0.000891 0.000599 0.098760 0.001050
0.002140 0.017928 0.005974 0.007425 0.005099 0.000913 0.002168 0.001675 0.000650 0.108231 0.004924
0.000798 0.018612 0.008453 0.004403 0.005077 0.000555 0.002530 0.000523 0.000980 0.090473 0.001572
0.001046 0.019962 0.007112 0.010109 0.002796 0.000329 0.003625 0.000148 0.000540 0.014604 0.002258
0.001186 0.012528 0.002091 0.007112 0.006658 0.000724 0.002672 0.000998 0.000538 0.091039 0.001039
0.002887 0.016127 0.004051 0.021379 0.001966 0.000368 0.002110 0.000629 0.000629 0.112328 0.001762
0.002589 0.026929 0.003158 0.030343 0.000945 0.000687 0.004852 0.000214 0.000531 0.059087 0.003657
0.002145 0.012128 0.004487 0.029181 0.006607 0.001363 0.002503 0.001518 0.000847 0.086677 0.001582
0.001269 0.006394 0.010344 0.002546 0.000747 0.001490 0.004229 0.001452 0.000781 0.035942 0.003531
0.000583 0.013541 0.009765 0.030083 0.001911 0.000925 0.003287 0.000602 0.000646 0.032989 0.004380
0.002946 0.001488 0.010717 0.006465 0.002551 0.001297 0.001284 0.001043 0.000667 0.083995 0.001716
0.001414 0.011340 0.008379 0.036349 0.005700 0.001153 0.001899 0.001725 0.000722 0.075251 0.004898
0.001776 0.010505 0.003802 0.015567 0.005968 0.001125 0.000681 0.001490 0.000594 0.101402 0.004957
0.001394 0.016256 0.003092 0.013058 0.004033 0.000656 0.002391 0.001454 0.000735 0.029135 0.003071
0.002398 0.022433 0.005611 0.017590 0.002682 0.001565 0.004524 0.001057 0.000924 0.107290 0.002528
0.003321 0.018432 0.009841 0.019629 0.003053 0.001225 0.001633 0.000684 0.000904 0.081944 0.001956
0.002948 0.009980 0.008324 0.016098 0.006650 0.000905 0.002457 0.000273 0.000736 0.098106 0.003954
0.003333 0.008497 0.012587 0.014809 0.007985 0.000583 0.002483 0.001637 0.000696 0.103397 0.003285
0.003406 0.015438 0.005402 0.019980 0.000655 0.000573 0.004459 0.001698 0.000859 0.100149 0.001978
0.002195 0.004094 0.001469 0.027181 0.005855 0.001429 0.002213 0.001662 0.000547 0.049528 0.003798
0.000557 0.027775 0.001127 0.032435 0.001342 0.001283 0.003309 0.000103 0.000763 0.057366 0.003723
0.000496 0.008276 0.006223 0.010007 0.006050 0.000881 0.001372 0.001377 0.000801 0.061150 0.004633
0.001183 0.008435 0.007244 0.015343 0.001095 0.001118 0.000746 0.001625 0.000574 0.061721 0.003605
0.001243 0.020029 0.002089 0.003450 0.006944 0.001041 0.001747 0.000933 0.000812 0.071663 0.002809
0.003450 0.004426 0.013186 0.012109 0.002929 0.000445 0.002665 0.001793 0.000592 0.050096 0.002844
0.003378 0.020663 0.009425 0.017249 0.001503 0.000814 0.002581 0.001269 0.000820 0.038728 0.003092
0.002801 0.022436 0.004386 0.010675 0.004360 0.000647 0.004058 0.000874 0.000589 0.084723 0.002300
0.000777 0.026239 0.005125 0.032599 0.004441 0.001366 0.004786 0.001248 0.000701 0.036621 0.004040
0.003106 0.006713 0.004152 0.012806 0.005665 0.000456 0.003494 0.001502 0.000503 0.020213 0.001129
0.001496 0.016843 0.003375 0.019832 0.004795 0.000596 0.003472 0.000859 0.000845 0.057989 0.000555
0.001075 0.008863 0.012205 0.033807 0.000519 0.000610 0.000630 0.000792 0.000675 0.035275 0.000834
0.002300 0.002343 0.009761 0.018095 0.004931 0.001401 0.000880 0.000211 0.000778 0.019734 0.003560
0.003007 0.007118 0.005539 0.036107 0.006556 0.001504 0.004247 0.001558 0.000828 0.087670 0.003595
0.002130 0.025256 0.006190 0.021366 0.003034 0.001419 0.001362 0.000191 0.000523 0.061196 0.004655
0.000521 0.011638 0.003636 0.011722 0.002817 0.001283 0.003817 0.001239 0.000890 0.017848 0.003095
0.001029 0.016766 0.005752 0.029410 0.001960 0.001389 0.002844 0.001800 0.000662 0.083510 0.003290
0.000455 0.009676 0.008126 0.019765 0.001151 0.000872 0.001539 0.001821 0.000967 0.027360 0.002413
0.002007 0.015775 0.009982 0.005796 0.004476 0.001015 0.002011 0.001481 0.000637 0.097310 0.000855
0.001157 0.011517 0.001328 0.002457 0.005699 0.000973 0.001374 0.000307 0.000662 0.071713 0.000816
0.001858 0.011020 0.006487 0.015622 0.003769 0.000972 0.002269 0.000878 0.000648 0.076406 0.002067
0.001065 0.012989 0.002918 0.022213 0.007472 0.000899 0.004988 0.000157 0.000855 0.037465 0.000581
0.003316 0.012695 0.008001 0.005797 0.004663 0.001323 0.004160 0.001851 0.000554 0.058647 0.004886
0.002813 0.011848 0.007743 0.004293 0.002892 0.001559 0.003680 0.001977 0.000648 0.080756 0.002392
0.002026 0.026821 0.012529 0.011669 0.003844 0.001018 0.000951 0.001492 0.000586 0.015942 0.000420
0.001916 0.012902 0.008230 0.010089 0.005238 0.000940 0.000673 0.001700 0.000866 0.114605 0.000921
0.003460 0.001671 0.010004 0.030204 0.007762 0.001064 0.001900 0.000405 0.000648 0.047708 0.000735
0.000913 0.011598 0.010246 0.019213 0.004379 0.001321 0.003147 0.001048 0.000797 0.099671 0.002158
0.000916 0.011780 0.004766 0.016555 0.004432 0.000712 0.004672 0.000249 0.000814 0.093991 0.002155
0.000472 0.019619 0.010864 0.030744 0.001188 0.001145 0.001565 0.000206 0.000949 0.087439 0.003096
0.001402 0.015316 0.009777 0.006555 0.000872 0.000848 0.002186 0.001432 0.000673 0.051149 0.003777
0.000977 0.005789 0.004666 0.031221 0.000328 0.000489 0.001666 0.000768 0.000815 0.052307 0.000480
0.001425 0.004144 0.001056 0.010174 0.002054 0.000432 0.004127 0.001496 0.000627 0.053405 0.003864
0.002533 0.024387 0.009789 0.018456 0.000790 0.000425 0.003142 0.001276 0.000635 0.104017 0.004481
0.000949 0.027438 0.010531 0.004847 0.007401 0.001462 0.000935 0.000365 0.000571 0.051204 0.002122
0.000838 0.022252 0.005939 0.032445 0.000681 0.000765 0.003105 0.000719 0.000560 0.089757 0.001901
0.001604 0.018190 0.005410 0.034716 0.006802 0.001424 0.004657 0.001318 0.000916 0.046782 0.004821
0.001058 0.017233 0.001487 0.027104 0.003042 0.001580 0.002443 0.000968 0.000615 0.015105 0.001563
0.002018 0.024262 0.006333 0.006335 0.005685 0.000850 0.003133 0.001497 0.000581 0.016463 0.000383
0.000562 0.019393 0.001977 0.019843 0.004856 0.000964 0.003464 0.001487 0.000861 0.098348 0.000705
0.001287 0.016456 0.002331 0.004222 0.006133 0.000865 0.003664 0.001397 0.000594 0.114029 0.003509
0.001009 0.018611 0.004846 0.023106 0.002774 0.000921 0.001849 0.001403 0.000593 0.059928 0.002114
0.001988 0.027656 0.011864 0.017685 0.006266 0.001067 0.003024 0.001169 0.000838 0.097663 0.003825
0.001809 0.006782 0.012190 0.008041 0.001243 0.000799 0.004577 0.000198 0.000660 0.019536 0.002957
0.001581 0.019985 0.010659 0.014719 0.003362 0.001048 0.004982 0.001587 0.000846 0.028293 0.002835
0.000861 0.017591 0.008781 0.031649 0.001266 0.000339 0.004248 0.000836 0.000502 0.076399 0.003962
0.000579 0.023346 0.003880 0.025090 0.004925 0.000999 0.001767 0.000540 0.000547 0.109331 0.000845
0.003057 0.005644 0.002596 0.007569 0.001254 0.001555 0.004118 0.000113 0.000923 0.045278 0.000830
0.001227 0.021200 0.008627 0.001880 0.006601 0.000936 0.002266 0.000349 0.000877 0.082959 0.002465
0.002032 0.024145 0.011676 0.003707 0.007907 0.000529 0.000926 0.000401 0.000869 0.013498 0.003223
0.000444 0.016713 0.005244 0.013779 0.003708 0.001475 0.002090 0.000672 0.000511 0.064928 0.003495
0.001691 0.015007 0.010397 0.033460 0.002748 0.000425 0.003243 0.000625 0.000795 0.034330 0.003608
0.003366 0.010138 0.004284 0.006122 0.007899 0.001387 0.001457 0.001800 0.000975 0.041498 0.000350
0.003249 0.017299 0.002992 0.032308 0.001381 0.000313 0.001203 0.000223 0.000816 0.025434 0.002162
0.001054 0.027152 0.007974 0.031491 0.007222 0.001537 0.000840 0.001649 0.000766 0.025666 0.004660
0.003044 0.024807 0.007143 0.019991 0.002403 0.000923 0.002403 0.000870 0.000793 0.021290 0.002912
0.003125 0.006797 0.007047 0.035885 0.003978 0.001438 0.002186 0.001845 0.000822 0.081852 0.001276
0.003362 0.005045 0.009985 0.003239 0.007255 0.001154 0.000755 0.001069 0.000837 0.027320 0.001185
0.002728 0.015032 0.004101 0.030506 0.002419 0.001519 0.001781 0.000288 0.000791 0.063498 0.000953
0.003140 0.013611 0.010291 0.014469 0.004083 0.001558 0.003096 0.001008 0.000727 0.117513 0.000888
0.002945 0.001379 0.009813 0.009849 0.001828 0.000444 0.000642 0.001144 0.000806 0.067742 0.003721
0.003273 0.015749 0.012315 0.024974 0.002174 0.000821 0.001229 0.001850 0.000762 0.064963 0.003856
0.000647 0.010888 0.012198 0.004383 0.006634 0.001189 0.003995 0.001994 0.000582 0.110522 0.003218
0.001860 0.005576 0.006742 0.017866 0.001030 0.001001 0.001125 0.000699 0.000566 0.096025 0.000333
0.000465 0.018281 0.011941 0.008212 0.003287 0.000665 0.002394 0.001999 0.000661 0.063081 0.000658
0.000590 0.013349 0.006040 0.022018 0.001614 0.000853 0.004250 0.001234 0.000515 0.058511 0.001124
0.002431 0.004076 0.013945 0.023133 0.000842 0.001190 0.001614 0.001127 0.000701 0.061614 0.004754
0.002476 0.027533 0.005794 0.014352 0.004644 0.001028 0.001038 0.001882 0.000945 0.049958 0.003846
0.002122 0.013471 0.001513 0.019497 0.001472 0.001599 0.004942 0.000366 0.000513 0.031951 0.003694
0.001492 0.019373 0.001012 0.023749 0.003912 0.001420 0.002507 0.000563 0.000820 0.108977 0.001498
0.001331 0.012917 0.012958 0.020592 0.000919 0.000559 0.003787 0.000755 0.000600 0.102780 0.000328
0.002609 0.008872 0.003326 0.015301 0.003728 0.000463 0.004654 0.001992 0.000761 0.077648 0.004841
0.001559 0.027559 0.004107 0.026559 0.003793 0.001581 0.000825 0.000944 0.000763 0.048901 0.004110
0.003325 0.006360 0.013383 0.011774 0.002595 0.000358 0.000901 0.000536 0.000843 0.014879 0.003634
0.002428 0.027210 0.011145 0.035540 0.005696 0.000541 0.000741 0.001178 0.000828 0.073157 0.001867
0.000892 0.008570 0.006222 0.003688 0.003582 0.000716 0.004982 0.001266 0.000580 0.030774 0.004254
0.001458 0.017495 0.001781 0.012677 0.002699 0.000700 0.003307 0.000768 0.000811 0.102123 0.004157
0.003389 0.018035 0.007568 0.032018 0.005338 0.001038 0.002397 0.000830 0.000786 0.060957 0.003713
0.002690 0.025231 0.005446 0.016207 0.005767 0.001199 0.000799 0.001997 0.000627 0.102073 0.002179
0.002082 0.004657 0.009682 0.005477 0.003070 0.000572 0.001518 0.001538 0.000874 0.052654 0.002500
0.002847 0.017948 0.009372 0.018257 0.005447 0.000631 0.004194 0.001578 0.000738 0.102459 0.001878
0.002375 0.012509 0.012047 0.001409 0.001976 0.000528 0.001776 0.000819 0.000535 0.010927 0.003639
0.003007 0.021758 0.003009 0.006965 0.005666 0.001088 0.001575 0.001023 0.000902 0.112556 0.004480
0.003499 0.023673 0.004973 0.016971 0.004417 0.000810 0.003243 0.000837 0.000634 0.029840 0.000556
0.001567 0.017163 0.006860 0.028947 0.005123 0.000664 0.002275 0.001022 0.000606 0.013312 0.003322
0.000704 0.015288 0.005506 0.033715 0.001956 0.000953 0.000944 0.000259 0.000671 0.070357 0.002616
0.001316 0.002021 0.012082 0.005314 0.001578 0.000916 0.004896 0.001009 0.000743 0.036356 0.004290
0.000660 0.001782 0.001412 0.034056 0.006864 0.001033 0.003853 0.001630 0.000911 0.068227 0.001297
0.000614 0.009295 0.004481 0.034663 0.004583 0.000830 0.003811 0.001817 0.000587 0.033458 0.000478
0.003494 0.019077 0.001010 0.002928 0.005069 0.000766 0.003956 0.001406 0.000830 0.039602 0.004764
0.002758 0.006878 0.013938 0.031174 0.004205 0.000984 0.004656 0.001452 0.000901 0.090943 0.002896
0.003262 0.002232 0.001074 0.030036 0.005758 0.000723 0.003799 0.001669 0.000519 0.010885 0.003390
0.001010 0.025268 0.003748 0.029073 0.006984 0.000582 0.001515 0.000813 0.000545 0.015751 0.001598
0.002627 0.008796 0.003756 0.029727 0.002726 0.001292 0.001126 0.000433 0.000838 0.094447 0.000562
0.001803 0.006472 0.002993 0.027497 0.001011 0.001210 0.000956 0.000685 0.000685 0.034023 0.004677
0.001127 0.012182 0.010136 0.001298 0.004506 0.000832 0.001507 0.001983 0.000940 0.011752 0.004921
0.002365 0.021591 0.008109 0.026529 0.001827 0.001434 0.002748 0.000921 0.000606 0.100487 0.002779
0.003266 0.019992 0.004191 0.031621 0.001299 0.001353 0.002243 0.001094 0.000657 0.038261 0.000470
0.003196 0.008885 0.005766 0.032483 0.001743 0.000742 0.004823 0.001027 0.000857 0.076963 0.002294
0.000816 0.018025 0.009956 0.001315 0.004043 0.001573 0.002193 0.000775 0.000558 0.104136 0.000836
0.001561 0.002926 0.011014 0.030472 0.003957 0.001147 0.004076 0.001079 0.000840 0.093733 0.003932
0.000859 0.016506 0.001830 0.009239 0.007327 0.001106 0.003199 0.000674 0.000727 0.042453 0.001111
0.002027 0.026053 0.012182 0.011388 0.003945 0.000487 0.000643 0.001992 0.000902 0.063956 0.004728
0.003302 0.011815 0.011104 0.036987 0.003907 0.000477 0.000653 0.000732 0.000634 0.008004 0.002333
0.001887 0.016264 0.009292 0.015364 0.001470 0.001038 0.001839 0.001804 0.000598 0.082282 0.003799
0.001512 0.019736 0.005608 0.003316 0.007262 0.001270 0.001914 0.001231 0.000652 0.109836 0.004582
0.003134 0.023454 0.010694 0.004192 0.006623 0.000821 0.001999 0.000549 0.000654 0.079262 0.000455
0.001699 0.023667 0.003337 0.032448 0.007432 0.001191 0.002236 0.001982 0.000943 0.016555 0.004455
0.001917 0.013085 0.013225 0.001224 0.001662 0.000412 0.002936 0.001030 0.000698 0.015047 0.002268
0.002814 0.014056 0.007193 0.025327 0.001162 0.001061 0.000723 0.000546 0.000519 0.106238 0.002896
0.003339 0.004266 0.007035 0.018949 0.001569 0.001464 0.002959 0.001417 0.000826 0.021528 0.001296
0.000672 0.009113 0.011838 0.022710 0.003572 0.000523 0.002233 0.001408 0.000598 0.083286 0.002861
0.003342 0.006543 0.011281 0.028126 0.005290 0.001083 0.001448 0.000552 0.000813 0.017301 0.003673
0.002518 0.022553 0.007505 0.033694 0.003615 0.000873 0.003624 0.000771 0.000917 0.061699 0.001696
0.000714 0.008761 0.002849 0.026599 0.006121 0.000745 0.001948 0.001813 0.000795 0.064059 0.001278
0.002541 0.024087 0.001815 0.020242 0.003072 0.001447 0.002933 0.000789 0.000953 0.091288 0.001086
0.001116 0.008956 0.012645 0.013960 0.001703 0.000524 0.004394 0.001921 0.000613 0.020044 0.000376
0.003255 0.004201 0.005279 0.004006 0.007811 0.000632 0.004997 0.001504 0.000582 0.016170 0.003579
0.001442 0.020537 0.005902 0.005374 0.002484 0.001027 0.002307 0.001063 0.000815 0.062580 0.003480
0.002065 0.008992 0.009141 0.028568 0.006569 0.000956 0.002175 0.001701 0.000824 0.093871 0.004252
0.001066 0.022767 0.010777 0.033033 0.003490 0.000761 0.003593 0.001468 0.000741 0.030262 0.002607
0.002354 0.015552 0.006170 0.016269 0.006195 0.000710 0.001641 0.001323 0.000597 0.034723 0.000798
0.002255 0.006271 0.001701 0.022526 0.005250 0.000727 0.002191 0.000470 0.001000 0.045462 0.000540
0.001537 0.013452 0.001816 0.035745 0.005296 0.001169 0.004772 0.001980 0.000631 0.097221 0.003075
0.002018 0.017559 0.003604 0.009247 0.004198 0.000410 0.004339 0.001176 0.000991 0.084103 0.002374
0.000777 0.011585 0.012126 0.017486 0.002306 0.001574 0.002775 0.001128 0.000972 0.094915 0.001724
0.002052 0.010089 0.013230 0.027776 0.003599 0.000989 0.004077 0.000315 0.000741 0.091726 0.004812
0.002401 0.006669 0.008397 0.032720 0.001560 0.000710 0.003570 0.001975 0.000564 0.031771 0.001915
0.000657 0.017493 0.013105 0.012724 0.007877 0.000479 0.001722 0.000781 0.000607 0.095010 0.000389
0.001524 0.007727 0.005600 0.023610 0.002690 0.000688 0.002055 0.000431 0.000757 0.118857 0.002008
0.001906 0.017952 0.008987 0.011189 0.004913 0.001349 0.000924 0.000628 0.000792 0.077336 0.001303
0.000495 0.006323 0.010668 0.002431 0.006993 0.000500 0.004664 0.001310 0.000613 0.111587 0.004210
0.003130 0.001488 0.013950 0.032019 0.007655 0.001239 0.003809 0.000485 0.000807 0.032233 0.001216
0.001222 0.009323 0.008146 0.023538 0.001125 0.000891 0.002439 0.001685 0.000555 0.085926 0.002983
0.000802 0.003082 0.002700 0.015259 0.005337 0.001488 0.003725 0.001510 0.000625 0.112412 0.003012
0.002254 0.010438 0.010827 0.009032 0.000649 0.000333 0.001158 0.001593 0.000538 0.072911 0.001519
0.002544 0.007839 0.013838 0.028670 0.005378 0.000813 0.004334 0.001915 0.000744 0.046297 0.002944
0.002309 0.016862 0.003573 0.010734 0.006436 0.000457 0.004629 0.001196 0.000940 0.016951 0.002660
0.000941 0.013087 0.013259 0.011178 0.002695 0.001033 0.003131 0.001614 0.000603 0.067849 0.004549
0.002529 0.003021 0.000803 0.020825 0.006018 0.001204 0.001827 0.000153 0.000559 0.091972 0.001855
0.000480 0.025705 0.008051 0.028846 0.004052 0.001134 0.000895 0.000628 0.000629 0.053053 0.004657
0.002699 0.024276 0.005277 0.018665 0.007139 0.000665 0.002534 0.000270 0.000675 0.050528 0.004723
0.003189 0.006247 0.012527 0.012013 0.000375 0.001084 0.004460 0.000166 0.000738 0.109009 0.000927
0.001843 0.011653 0.004538 0.035460 0.000694 0.000820 0.001387 0.000970 0.000682 0.103476 0.004763
0.002976 0.014255 0.004485 0.021654 0.001670 0.000893 0.004785 0.000125 0.000929 0.106227 0.003430
0.001218 0.011543 0.007852 0.005635 0.000844 0.000302 0.004682 0.001853 0.000674 0.064878 0.002732
0.001655 0.020427 0.002701 0.013765 0.000807 0.001442 0.002937 0.000747 0.000961 0.106040 0.003414
0.003111 0.002432 0.000975 0.031558 0.007915 0.000913 0.004752 0.000574 0.000630 0.039571 0.001390
0.001143 0.005082 0.008972 0.010474 0.005335 0.000723 0.004658 0.001980 0.000761 0.067675 0.004740
0.001424 0.016947 0.004094 0.018188 0.005219 0.001350 0.004305 0.000670 0.000877 0.027791 0.004135
0.002303 0.003384 0.003598 0.012523 0.002855 0.001381 0.004085 0.001909 0.000515 0.072400 0.004252
0.003464 0.002266 0.008591 0.024806 0.000536 0.000342 0.001667 0.000641 0.000766 0.023323 0.002394
0.002634 0.005857 0.010677 0.007415 0.000223 0.001071 0.001625 0.000860 0.000536 0.079205 0.003688
0.003308 0.004872 0.002215 0.012093 0.005694 0.000446 0.003497 0.001852 0.000525 0.075576 0.004181
0.002044 0.015483 0.012311 0.035765 0.001187 0.001051 0.002144 0.000774 0.000681 0.045611 0.004256
0.002922 0.014130 0.008026 0.003925 0.000897 0.001366 0.001630 0.001780 0.000668 0.036279 0.003107
0.001242 0.013573 0.013278 0.026681 0.004727 0.000543 0.001994 0.000118 0.000883 0.064917 0.000459
0.003016 0.020672 0.005338 0.004848 0.002140 0.001320 0.002257 0.000904 0.000627 0.084688 0.003524
0.001336 0.014196 0.003752 0.015583 0.004075 0.001474 0.002884 0.001693 0.000783 0.119139 0.000596
0.001964 0.011154 0.011434 0.030499 0.001546 0.000814 0.003133 0.000621 0.000596 0.103482 0.004895
0.001576 0.020674 0.002303 0.008732 0.005078 0.000303 0.001026 0.001460 0.000921 0.078091 0.002801
0.002900 0.020053 0.009985 0.001973 0.007612 0.000379 0.004384 0.001196 0.000869 0.080543 0.003855
0.002380 0.027255 0.003862 0.016131 0.006795 0.001443 0.001325 0.000435 0.000676 0.097234 0.002284
0.001090 0.002780 0.002130 0.022424 0.002291 0.000584 0.004489 0.001502 0.000992 0.046024 0.001536
0.003122 0.003371 0.003070 0.029204 0.006705 0.000313 0.002296 0.001055 0.000853 0.010911 0.000626
0.001425 0.026478 0.003602 0.022671 0.006238 0.001562 0.004244 0.001332 0.000764 0.085346 0.004242
0.000562 0.011426 0.007046 0.021169 0.007131 0.000639 0.001831 0.001028 0.000817 0.039893 0.001924
0.000585 0.023598 0.002100 0.022770 0.005017 0.001218 0.004425 0.001382 0.000842 0.094256 0.000325
0.002920 0.024495 0.011052 0.028220 0.003437 0.001400 0.003569 0.001316 0.000784 0.087157 0.002781
0.003438 0.013539 0.009662 0.009924 0.007466 0.001102 0.003244 0.001297 0.000599 0.017261 0.004063
0.002409 0.007315 0.008517 0.003241 0.004286 0.001539 0.003029 0.000233 0.000748 0.068695 0.004132
0.002569 0.000611 0.002777 0.004886 0.000907 0.001214 0.000973 0.001139 0.000962 0.105673 0.004718
0.002956 0.020360 0.001640 0.018410 0.002092 0.000898 0.002592 0.001868 0.000752 0.096839 0.000446
0.002277 0.021269 0.011084 0.017837 0.001591 0.000715 0.003388 0.001069 0.000572 0.018974 0.003807
0.003128 0.002298 0.006661 0.030039 0.002454 0.000855 0.001231 0.000580 0.000951 0.119479 0.003025
0.003112 0.026714 0.008438 0.007527 0.006715 0.001195 0.001548 0.000215 0.000903 0.097618 0.002414
0.003113 0.012254 0.010483 0.004982 0.001336 0.000656 0.003647 0.001909 0.000990 0.050461 0.001765
0.001386 0.007768 0.002070 0.008772 0.007526 0.000624 0.002964 0.001720 0.000592 0.016869 0.001793
0.001401 0.025770 0.002670 0.024486 0.006435 0.001152 0.002718 0.001521 0.000675 0.024264 0.001431
0.002886 0.027027 0.006327 0.001047 0.000491 0.001442 0.003024 0.001357 0.000891 0.053492 0.001105
0.002541 0.027160 0.006905 0.012521 0.000689 0.000376 0.002571 0.001762 0.000762 0.043906 0.000387
0.003050 0.027094 0.003992 0.016918 0.003513 0.000907 0.002192 0.000668 0.000806 0.111597 0.002154
0.002929 0.003811 0.012304 0.018111 0.000502 0.000512 0.004169 0.000398 0.000746 0.064855 0.002949
0.001309 0.017019 0.003424 0.001329 0.004901 0.000522 0.003920 0.001173 0.000942 0.022576 0.002090
0.002298 0.001335 0.008798 0.034835 0.000973 0.001436 0.004557 0.000305 0.000865 0.105442 0.002785
0.002479 0.018500 0.005851 0.031434 0.004488 0.000763 0.004552 0.000489 0.000936 0.020553 0.003363
0.002140 0.002310 0.004013 0.027203 0.007741 0.000902 0.002531 0.000996 0.000829 0.105212 0.001349
0.002094 0.003581 0.008854 0.025115 0.007335 0.000580 0.003851 0.000524 0.000664 0.015688 0.001924
0.003241 0.021925 0.003696 0.013364 0.001860 0.000874 0.002500 0.001440 0.000635 0.028441 0.003607
0.002467 0.012264 0.000847 0.011349 0.000802 0.000759 0.004912 0.000870 0.000982 0.062963 0.000396
0.002329 0.026251 0.012580 0.026823 0.002695 0.001527 0.003667 0.001871 0.000713 0.082064 0.004836
0.001503 0.026845 0.009789 0.002606 0.001346 0.001077 0.001141 0.001557 0.000553 0.035129 0.004676
0.000851 0.012516 0.008873 0.023135 0.004328 0.000709 0.003750 0.000482 0.000998 0.104996 0.000436
0.003173 0.009516 0.005866 0.020848 0.000859 0.001265 0.003035 0.001155 0.000892 0.082290 0.003243
0.002135 0.026768 0.011269 0.004270 0.002405 0.000958 0.003021 0.001853 0.000662 0.032345 0.002274
0.002426 0.011393 0.003472 0.025454 0.003166 0.001384 0.003480 0.001076 0.000924 0.096436 0.000359
0.002097 0.009444 0.011263 0.013955 0.002347 0.001043 0.004838 0.001657 0.000897 0.019929 0.001511
0.000599 0.016957 0.004464 0.035693 0.006219 0.000841 0.001059 0.000475 0.000909 0.050315 0.004788
0.002719 0.023647 0.004899 0.001632 0.000914 0.001540 0.004541 0.001407 0.000652 0.066104 0.003178
0.001403 0.010070 0.013985 0.032921 0.003539 0.000825 0.002643 0.001688 0.000930 0.022791 0.001597
0.000444 0.014125 0.005201 0.024493 0.007552 0.001032 0.004928 0.001869 0.000651 0.011148 0.000688
0.003473 0.024662 0.001851 0.004327 0.002244 0.001226 0.004869 0.000195 0.000547 0.076240 0.001520
0.002935 0.023326 0.009386 0.001353 0.000266 0.000505 0.000784 0.000450 0.000884 0.058115 0.004267
0.000765 0.014848 0.000841 0.017525 0.007599 0.001074 0.002362 0.001009 0.000738 0.064473 0.004048
0.001443 0.017743 0.008036 0.002477 0.001454 0.001514 0.000794 0.001054 0.000546 0.059098 0.001892
0.000420 0.011480 0.006912 0.011481 0.003116 0.000516 0.004118 0.000550 0.000836 0.096314 0.002847
0.001238 0.022859 0.012927 0.007559 0.004649 0.000377 0.002149 0.000212 0.000792 0.081251 0.002651
0.001886 0.008469 0.013898 0.011678 0.003600 0.000931 0.004937 0.000528 0.000579 0.074406 0.003427
0.001883 0.013462 0.002330 0.010459 0.002419 0.001270 0.003917 0.001667 0.000510 0.009232 0.003287
0.002298 0.020320 0.011997 0.033577 0.005345 0.001032 0.003789 0.001690 0.000585 0.011716 0.001820
0.001253 0.010846 0.001562 0.023827 0.001116 0.000530 0.002468 0.001102 0.000544 0.095532 0.003208
0.002618 0.010631 0.006293 0.019325 0.001085 0.001011 0.001023 0.001924 0.000870 0.113926 0.001294
0.002829 0.009226 0.006422 0.017908 0.006892 0.001564 0.003467 0.001210 0.000981 0.087261 0.004401
0.003062 0.004495 0.007956 0.007807 0.001051 0.000342 0.001027 0.000538 0.000840 0.062870 0.004372
0.002930 0.012149 0.007054 0.031526 0.002173 0.000635 0.001023 0.001144 0.000776 0.039918 0.001359
0.002521 0.024305 0.006132 0.028205 0.000845 0.001207 0.004823 0.001182 0.000996 0.033654 0.002511
0.001942 0.018072 0.005878 0.013909 0.003048 0.000322 0.004059 0.000330 0.000728 0.032957 0.004781
0.003346 0.026983 0.004226 0.027746 0.002994 0.001042 0.003036 0.001099 0.000782 0.066476 0.002814
0.002069 0.007929 0.008194 0.029160 0.003970 0.000487 0.001746 0.000295 0.000836 0.009768 0.001573
0.001030 0.020413 0.009226 0.035775 0.006627 0.001269 0.003731 0.001541 0.000610 0.021508 0.001582
0.002423 0.008467 0.012369 0.020743 0.002452 0.000631 0.002716 0.001375 0.000913 0.065499 0.003785
0.001794 0.024037 0.008438 0.032944 0.007768 0.000657 0.002910 0.001880 0.000623 0.033546 0.001189
0.001997 0.014999 0.010560 0.027581 0.007870 0.000448 0.004916 0.000455 0.000679 0.021204 0.000912
0.002990 0.011933 0.012785 0.008242 0.004468 0.000327 0.004496 0.001276 0.000733 0.031572 0.001583
0.000833 0.008569 0.009027 0.011492 0.001415 0.001063 0.003659 0.001399 0.000825 0.029311 0.003779
0.002632 0.009736 0.007856 0.020273 0.002417 0.000987 0.003676 0.001073 0.000693 0.062490 0.002517
0.002286 0.015089 0.010606 0.018130 0.003740 0.000893 0.001513 0.001742 0.000750 0.085250 0.002026
0.000449 0.018291 0.007215 0.024428 0.006457 0.001492 0.004171 0.000883 0.000769 0.062956 0.001376
0.001452 0.008871 0.009315 0.017183 0.006106 0.001251 0.001849 0.001570 0.000906 0.030974 0.002156
0.002810 0.015345 0.011094 0.016607 0.005241 0.000767 0.004578 0.000892 0.000543 0.091531 0.004436
0.002609 0.006539 0.002981 0.028028 0.001960 0.001135 0.000978 0.000801 0.000862 0.064650 0.004820
0.000425 0.016276 0.007798 0.031178 0.004596 0.000875 0.004795 0.001491 0.000671 0.070666 0.000957
0.002849 0.021124 0.013972 0.020329 0.001831 0.000989 0.001456 0.001375 0.000608 0.069278 0.002219
0.001273 0.006354 0.000878 0.033640 0.006003 0.000651 0.002874 0.001948 0.000570 0.095772 0.003574
0.000884 0.011774 0.009818 0.019477 0.004512 0.000583 0.002075 0.000201 0.000831 0.106426 0.004895
0.002355 0.007541 0.010474 0.003005 0.001349 0.000327 0.002925 0.001242 0.000688 0.078970 0.003036
0.001963 0.004074 0.008464 0.026656 0.007706 0.000602 0.003413 0.000915 0.000766 0.058897 0.000766
0.002805 0.014131 0.006370 0.014285 0.002556 0.001124 0.003231 0.001642 0.000713 0.053155 0.002293
0.001653 0.012855 0.009649 0.014810 0.004504 0.000689 0.004925 0.001496 0.000552 0.090768 0.002286
0.001891 0.002675 0.001950 0.007373 0.006350 0.001521 0.000706 0.000572 0.000523 0.102779 0.001925
0.002047 0.010961 0.002150 0.001801 0.003313 0.001026 0.003524 0.000182 0.000647 0.100592 0.000512
0.000911 0.009918 0.008153 0.035946 0.003719 0.000940 0.002519 0.001532 0.000883 0.077969 0.000921
0.000953 0.015264 0.013274 0.017454 0.003270 0.000811 0.002339 0.001764 0.000593 0.074833 0.004986
0.003288 0.005767 0.011193 0.032906 0.004194 0.000512 0.001133 0.000354 0.000964 0.066245 0.003680
0.001407 0.016083 0.001136 0.014562 0.004726 0.000621 0.001595 0.001124 0.000519 0.113867 0.004764
0.003472 0.003906 0.004735 0.027417 0.000374 0.000569 0.001949 0.000788 0.000724 0.107660 0.004694
0.001147 0.021392 0.004251 0.002215 0.001024 0.001430 0.004655 0.001368 0.000516 0.106287 0.002338
0.002249 0.013308 0.001882 0.016341 0.005998 0.001269 0.001526 0.001575 0.000636 0.070759 0.002638
0.002033 0.015445 0.010265 0.030846 0.007923 0.000805 0.002289 0.000599 0.000733 0.088764 0.003788
0.001837 0.016983 0.004942 0.013121 0.002885 0.001505 0.002224 0.001729 0.000990 0.072638 0.003978
0.001325 0.014166 0.008749 0.010761 0.004718 0.000545 0.003962 0.000997 0.000826 0.022147 0.002752
0.003094 0.026827 0.012842 0.021788 0.002573 0.000360 0.004562 0.001507 0.000553 0.034866 0.000797
0.002924 0.013181 0.010995 0.003750 0.001485 0.001226 0.004641 0.001804 0.000562 0.014559 0.002862
0.002007 0.027986 0.008528 0.032859 0.006749 0.000311 0.002484 0.001949 0.000587 0.061256 0.000957
0.002052 0.016550 0.009824 0.028883 0.005047 0.001069 0.004858 0.000600 0.000641 0.012090 0.001355
0.001799 0.001740 0.003322 0.019898 0.001094 0.000745 0.004766 0.001124 0.000654 0.103266 0.004340
0.001441 0.012863 0.005540 0.033467 0.000566 0.001515 0.003558 0.001166 0.000670 0.043678 0.001540
0.002940 0.014229 0.000989 0.024637 0.002635 0.001548 0.001213 0.001465 0.000523 0.042779 0.001130
0.001902 0.019491 0.011660 0.032688 0.007366 0.000825 0.002398 0.000917 0.000805 0.064845 0.003657
0.000454 0.016297 0.002254 0.020622 0.007608 0.000323 0.004502 0.000551 0.000558 0.053838 0.000535
0.002070 0.014085 0.006801 0.011162 0.006592 0.000583 0.001321 0.001630 0.000540 0.115220 0.002853
0.000499 0.001452 0.006399 0.017899 0.004784 0.001315 0.000666 0.000435 0.000561 0.118192 0.000426
0.003345 0.006981 0.007630 0.026802 0.007975 0.001536 0.000792 0.001138 0.000708 0.062718 0.001599
0.002051 0.016411 0.005668 0.036465 0.003668 0.000780 0.003233 0.001825 0.000519 0.046115 0.004933
0.001029 0.017726 0.003406 0.005998 0.001471 0.001078 0.002383 0.000176 0.000572 0.040797 0.004244
0.000575 0.003732 0.002167 0.009054 0.000929 0.000780 0.002016 0.000509 0.000959 0.014711 0.004229
0.001061 0.020526 0.005546 0.019865 0.005864 0.000475 0.000660 0.001259 0.000789 0.023013 0.002908
0.003207 0.023901 0.008810 0.004803 0.003005 0.000674 0.003991 0.000514 0.000691 0.089797 0.004937
0.002739 0.026208 0.012674 0.028490 0.002750 0.000773 0.003708 0.001812 0.000795 0.063749 0.000979
0.003191 0.026744 0.003624 0.001118 0.002740 0.000765 0.003986 0.000318 0.000959 0.021442 0.003155
0.002218 0.004535 0.006502 0.014835 0.005604 0.000867 0.004737 0.000986 0.000764 0.021569 0.004427
0.001595 0.008445 0.001310 0.020606 0.006334 0.000721 0.001795 0.000737 0.000955 0.029606 0.002774
0.002636 0.021098 0.013401 0.003549 0.003443 0.000547 0.003191 0.001463 0.000946 0.094252 0.002644
0.003256 0.018091 0.006605 0.005285 0.004129 0.001205 0.004583 0.001740 0.000943 0.098825 0.003388
0.003020 0.003808 0.009640 0.001353 0.005147 0.001294 0.003883 0.000918 0.000769 0.048059 0.002316
0.002756 0.020784 0.013683 0.020229 0.005741 0.001255 0.004039 0.000279 0.000773 0.018387 0.002527
0.001453 0.004702 0.001416 0.025936 0.002524 0.001345 0.001289 0.001769 0.000815 0.063659 0.004613
0.002270 0.026688 0.008928 0.009233 0.004667 0.000418 0.001937 0.001011 0.000640 0.062301 0.003175
0.002440 0.024010 0.003884 0.009857 0.007540 0.000424 0.004865 0.001069 0.000778 0.020169 0.004027
0.002198 0.019882 0.006060 0.014654 0.004261 0.000755 0.001400 0.000447 0.000713 0.022983 0.000990
0.000999 0.013648 0.008296 0.024873 0.004730 0.000867 0.001099 0.001642 0.000796 0.082520 0.004499
0.000662 0.022419 0.013904 0.032732 0.004257 0.001397 0.003917 0.001984 0.000735 0.086986 0.001173
0.002405 0.003163 0.010973 0.025244 0.004197 0.000788 0.002463 0.000460 0.000719 0.094461 0.001410
0.002117 0.022567 0.011237 0.036269 0.002250 0.000998 0.002753 0.001008 0.000668 0.079412 0.000865
0.001580 0.020458 0.010375 0.025526 0.001962 0.001254 0.000615 0.001827 0.000643 0.028612 0.001829
0.001992 0.009604 0.012826 0.035764 0.005208 0.001568 0.002609 0.001960 0.000863 0.093090 0.000939
0.001293 0.002149 0.003072 0.013990 0.007682 0.001232 0.003502 0.000865 0.000801 0.100197 0.004480
0.001173 0.014179 0.009663 0.021534 0.000251 0.000983 0.002073 0.001688 0.000848 0.082119 0.000309
0.000616 0.011418 0.006631 0.018529 0.002274 0.000661 0.004929 0.000202 0.000508 0.110452 0.002462
0.000459 0.002856 0.003205 0.007655 0.000669 0.001250 0.004304 0.000347 0.000558 0.046393 0.001442
0.002220 0.009582 0.003382 0.034079 0.005067 0.001230 0.001759 0.001874 0.000740 0.035847 0.000908
0.001510 0.017839 0.009948 0.011826 0.001260 0.000608 0.002897 0.001564 0.000936 0.030087 0.001227
0.001264 0.020070 0.001010 0.018540 0.007928 0.001564 0.002334 0.000549 0.000983 0.102848 0.003838
0.001941 0.024729 0.006254 0.028099 0.007515 0.000662 0.003237 0.000992 0.000832 0.068607 0.002602
0.000693 0.020379 0.005087 0.011523 0.006023 0.001407 0.003416 0.000684 0.000916 0.013572 0.000943
0.000957 0.027640 0.010670 0.009055 0.005053 0.001397 0.003220 0.001829 0.000664 0.023933 0.002539
0.001702 0.017907 0.002427 0.029731 0.000208 0.000441 0.002215 0.001149 0.000895 0.009781 0.002016
0.001051 0.009674 0.001366 0.007571 0.001857 0.000624 0.000929 0.001602 0.000503 0.014571 0.000962
0.001345 0.007749 0.012545 0.008678 0.006412 0.001074 0.002145 0.000576 0.000530 0.064125 0.002551
0.001827 0.013988 0.009294 0.001817 0.006323 0.001188 0.002415 0.001646 0.000710 0.050238 0.000815
0.003479 0.019109 0.011849 0.023698 0.007577 0.001218 0.004399 0.000473 0.000945 0.037451 0.002904
0.002576 0.012499 0.001411 0.035096 0.001913 0.000478 0.003789 0.001987 0.000640 0.048469 0.002940
0.001253 0.021676 0.006688 0.002729 0.000625 0.001432 0.002087 0.001142 0.000679 0.101320 0.000300
0.002041 0.002892 0.004905 0.014036 0.003844 0.001308 0.001412 0.001739 0.000628 0.036545 0.004199
0.003256 0.023301 0.008047 0.004311 0.000810 0.001141 0.001865 0.000863 0.000774 0.015915 0.004858
0.002751 0.015364 0.006014 0.019550 0.003272 0.001242 0.002193 0.001001 0.000620 0.074413 0.001469
0.003299 0.008704 0.003786 0.030957 0.000882 0.000963 0.004568 0.001705 0.000913 0.030415 0.001311
0.003281 0.015351 0.008882 0.006529 0.001904 0.001136 0.003782 0.001257 0.000768 0.029152 0.001515
0.001275 0.012005 0.003907 0.025442 0.003582 0.000816 0.004222 0.001753 0.000708 0.072636 0.001073
0.002431 0.004243 0.011624 0.031651 0.006226 0.000399 0.003927 0.000825 0.000818 0.030457 0.003631
0.002560 0.008883 0.008996 0.007217 0.004657 0.000580 0.001695 0.000345 0.000587 0.039925 0.001422
0.000656 0.012249 0.003154 0.005280 0.003059 0.001474 0.004885 0.001246 0.000701 0.022642 0.001712
0.000483 0.025491 0.011886 0.020190 0.002665 0.000300 0.003391 0.001940 0.000914 0.045675 0.001822
0.003187 0.001979 0.003114 0.022494 0.003046 0.001021 0.002183 0.001588 0.000949 0.063578 0.004808
0.000834 0.012701 0.001235 0.034713 0.005146 0.001091 0.004466 0.001004 0.000959 0.103308 0.000334
0.003212 0.022280 0.008801 0.006875 0.007172 0.000452 0.001239 0.001980 0.000768 0.094951 0.002658
0.002802 0.026227 0.001701 0.020789 0.005070 0.001484 0.001891 0.000888 0.000832 0.085937 0.004052
0.003127 0.020873 0.011338 0.014885 0.003553 0.000365 0.001170 0.001188 0.000629 0.067798 0.001237
0.002678 0.001844 0.007306 0.017053 0.004536 0.000540 0.001437 0.001254 0.000722 0.107386 0.000899
0.001692 0.027982 0.009151 0.019832 0.007127 0.001105 0.003742 0.000163 0.000829 0.017270 0.000631
0.003075 0.023873 0.010265 0.028585 0.004479 0.000791 0.002953 0.001001 0.000594 0.049388 0.000680
0.000436 0.001341 0.003012 0.032093 0.004977 0.000894 0.000729 0.000933 0.000588 0.018676 0.000310
0.000776 0.007741 0.012655 0.033764 0.002812 0.001223 0.002754 0.001970 0.000544 0.083643 0.003694
0.000428 0.019179 0.002036 0.014286 0.001758 0.000485 0.004009 0.000618 0.000596 0.084406 0.002689
0.001691 0.022474 0.005315 0.022499 0.003104 0.001368 0.002416 0.000961 0.000505 0.036311 0.004681
0.002192 0.008114 0.001644 0.003338 0.003191 0.000828 0.002582 0.000311 0.000551 0.030959 0.001897
0.001983 0.015465 0.005880 0.025856 0.004485 0.000606 0.002687 0.001597 0.000786 0.053251 0.004588
0.002856 0.023428 0.006365 0.003814 0.003090 0.000452 0.002368 0.001484 0.000585 0.092034 0.002264
0.001338 0.003291 0.013315 0.034117 0.005494 0.001336 0.001554 0.001987 0.000585 0.028737 0.004869
0.001131 0.009965 0.002288 0.005293 0.006614 0.000420 0.000944 0.000283 0.000833 0.078724 0.000305
0.000751 0.004837 0.005463 0.032453 0.003745 0.000854 0.004726 0.000757 0.000581 0.051365 0.004036
0.002538 0.019552 0.008935 0.018078 0.003368 0.001348 0.001178 0.001338 0.000733 0.109297 0.003443
0.001317 0.007069 0.012384 0.005955 0.003831 0.000440 0.001371 0.001212 0.000650 0.068401 0.004470
0.000432 0.004635 0.004827 0.033639 0.006910 0.000716 0.004228 0.001248 0.000958 0.096879 0.004076
0.001271 0.026992 0.000987 0.029335 0.000499 0.000834 0.003236 0.001507 0.000972 0.042212 0.001931
0.002717 0.021295 0.001182 0.031874 0.006769 0.000820 0.002249 0.000771 0.000950 0.039527 0.001049
0.001246 0.018789 0.007675 0.023645 0.004232 0.001038 0.002506 0.000709 0.000799 0.077327 0.004441
0.003129 0.002505 0.008281 0.033137 0.007102 0.001012 0.001938 0.000427 0.000814 0.018207 0.004689
0.002578 0.017191 0.013458 0.009562 0.003197 0.000656 0.004257 0.000297 0.000668 0.074415 0.002162
0.002758 0.011326 0.002055 0.006472 0.006207 0.000926 0.002288 0.001031 0.000650 0.018910 0.004623
0.002270 0.012572 0.004679 0.004123 0.000514 0.000764 0.002594 0.000174 0.000681 0.083579 0.004508
0.003295 0.007086 0.004232 0.007570 0.003635 0.001215 0.004577 0.001173 0.000957 0.116544 0.003609
0.002729 0.015716 0.013084 0.007323 0.004164 0.001231 0.001783 0.000481 0.000812 0.105708 0.004472
0.002182 0.021088 0.010608 0.012269 0.006228 0.001179 0.003523 0.001971 0.000745 0.008842 0.000679
0.001387 0.001496 0.005852 0.025500 0.006136 0.000713 0.001751 0.001969 0.000979 0.078423 0.001883
0.000482 0.007175 0.001769 0.007365 0.003743 0.000964 0.000800 0.000652 0.000777 0.021197 0.002057
0.003018 0.005416 0.011751 0.034101 0.002928 0.001462 0.004079 0.000653 0.000669 0.082724 0.000799
0.001338 0.009125 0.008661 0.003395 0.000284 0.001050 0.003933 0.000475 0.000889 0.111663 0.002178
0.001932 0.006694 0.006496 0.031814 0.001875 0.001131 0.000714 0.000198 0.000949 0.103025 0.001487
0.003240 0.023711 0.013479 0.023884 0.004485 0.000726 0.001603 0.000972 0.000623 0.031685 0.003634
0.002953 0.003469 0.011357 0.008184 0.004188 0.000435 0.002785 0.000432 0.000867 0.014222 0.002351
0.002671 0.025395 0.002680 0.012151 0.001063 0.000794 0.003460 0.000637 0.000834 0.013906 0.003206
0.003022 0.020411 0.010642 0.002617 0.007031 0.001228 0.001993 0.000690 0.000728 0.069879 0.002175
0.001809 0.006947 0.004623 0.020476 0.004122 0.000624 0.003121 0.001726 0.000625 0.020250 0.001978
0.001769 0.005002 0.001708 0.025099 0.001663 0.000827 0.002883 0.000774 0.000938 0.056149 0.004684
0.001492 0.022174 0.013483 0.035393 0.003590 0.000576 0.000749 0.000384 0.000591 0.069862 0.001884
0.002052 0.026686 0.006734 0.030539 0.001880 0.000938 0.004361 0.000767 0.000552 0.035893 0.002498
0.003420 0.005388 0.005803 0.035004 0.000631 0.000830 0.004987 0.001598 0.000838 0.040992 0.000589
0.002002 0.003224 0.003873 0.008687 0.000372 0.000886 0.002164 0.000797 0.000860 0.030609 0.000913
0.000934 0.009139 0.006702 0.014150 0.004668 0.000530 0.002382 0.001108 0.000912 0.081934 0.000618
0.001823 0.008101 0.011964 0.007674 0.003591 0.001270 0.001412 0.000412 0.000549 0.061967 0.003422
0.001275 0.022244 0.012762 0.023701 0.003083 0.000636 0.001856 0.001533 0.000628 0.039766 0.001957
0.000460 0.023574 0.001479 0.007858 0.007351 0.000883 0.004384 0.000454 0.000602 0.022204 0.003800
0.000979 0.011599 0.004464 0.026887 0.003342 0.001255 0.002729 0.000486 0.001000 0.031985 0.004950
0.002309 0.003366 0.003871 0.032135 0.001461 0.001170 0.002876 0.000911 0.000602 0.059755 0.001857
0.003110 0.025747 0.002143 0.024170 0.004705 0.001561 0.000649 0.000339 0.000867 0.081510 0.001946
0.001581 0.004602 0.007565 0.004492 0.002856 0.001205 0.001088 0.000261 0.000678 0.105456 0.003929
0.001984 0.021901 0.011111 0.005671 0.004615 0.000989 0.001791 0.001058 0.000954 0.009162 0.003493
0.000598 0.011872 0.013338 0.022193 0.007442 0.000349 0.000813 0.000425 0.000881 0.024340 0.000439
0.000959 0.009610 0.009899 0.029618 0.005771 0.000417 0.001397 0.000538 0.000510 0.042835 0.000469
0.003428 0.003032 0.013931 0.015189 0.001519 0.000962 0.003684 0.000361 0.000996 0.039000 0.003074
0.003040 0.018497 0.006817 0.011083 0.000840 0.001156 0.003301 0.001044 0.000778 0.105779 0.000413
0.002781 0.015124 0.012704 0.029622 0.000290 0.001225 0.004265 0.000591 0.000968 0.099371 0.004736
0.002220 0.009028 0.013363 0.020620 0.001759 0.001439 0.004914 0.000655 0.000636 0.072267 0.004855
0.002770 0.012213 0.004684 0.010071 0.002134 0.001112 0.004483 0.000875 0.000643 0.118346 0.000619
0.001013 0.014041 0.009012 0.030923 0.006714 0.000467 0.004621 0.001836 0.000972 0.028761 0.004442
0.002601 0.016329 0.012990 0.008791 0.002790 0.001124 0.001553 0.001147 0.000822 0.108613 0.002009
0.001932 0.013001 0.010174 0.001355 0.006813 0.001170 0.001089 0.001086 0.000774 0.112346 0.003672
0.000550 0.022682 0.011267 0.015881 0.006220 0.000593 0.004773 0.001223 0.000665 0.086948 0.003597
0.001209 0.018569 0.004453 0.010004 0.007500 0.000909 0.001316 0.001524 0.000957 0.081134 0.004191
0.003094 0.022789 0.004666 0.008769 0.001261 0.001246 0.001034 0.000387 0.000571 0.015127 0.001935
0.002051 0.021958 0.001590 0.026244 0.001081 0.001310 0.002882 0.001356 0.000925 0.055832 0.002061
0.002727 0.009046 0.003845 0.020060 0.007593 0.001093 0.002531 0.000996 0.000958 0.099354 0.004231
0.000440 0.016189 0.008066 0.021584 0.006367 0.001577 0.001852 0.001296 0.000627 0.073480 0.004169
0.003003 0.015894 0.010260 0.012789 0.003876 0.001320 0.003568 0.000384 0.000695 0.082719 0.000880
0.001709 0.021094 0.013380 0.033100 0.000959 0.000662 0.001964 0.000801 0.000876 0.065544 0.000635
0.000471 0.024596 0.007188 0.028958 0.004512 0.001342 0.002599 0.001100 0.000899 0.065434 0.001582
0.002395 0.022267 0.010759 0.011532 0.007149 0.000644 0.004332 0.001909 0.000653 0.093098 0.004666
0.003356 0.009862 0.010564 0.030582 0.001437 0.000777 0.001964 0.001019 0.000901 0.102250 0.001105
0.000864 0.001781 0.009311 0.017229 0.007851 0.000526 0.004551 0.000894 0.000638 0.072857 0.003066
0.001690 0.024680 0.005537 0.033684 0.000966 0.000532 0.002480 0.000484 0.000548 0.066855 0.001207
0.002510 0.006050 0.000869 0.002502 0.004290 0.000504 0.004893 0.001601 0.000749 0.079940 0.003222
0.001484 0.014393 0.001599 0.024892 0.001152 0.001308 0.002446 0.001477 0.000581 0.028165 0.003233
0.003456 0.006863 0.001231 0.021387 0.003893 0.000815 0.001626 0.000189 0.000926 0.090765 0.004970
0.002121 0.004122 0.007387 0.020145 0.007389 0.000864 0.003152 0.001473 0.000688 0.109381 0.000742
0.000709 0.026466 0.006643 0.027454 0.005761 0.000743 0.004799 0.000813 0.000601 0.072401 0.001764
0.001120 0.020495 0.010674 0.007831 0.005393 0.000865 0.002583 0.000189 0.000658 0.050426 0.004122
0.002773 0.000636 0.002617 0.020880 0.000430 0.001026 0.002896 0.001140 0.000561 0.089830 0.003674
0.000890 0.018163 0.004827 0.020181 0.005198 0.000744 0.003679 0.000444 0.000578 0.074099 0.004156
0.003421 0.012208 0.004667 0.018682 0.004828 0.001451 0.002456 0.001161 0.000746 0.021849 0.004713
0.000528 0.006136 0.012710 0.001993 0.005546 0.000772 0.001724 0.001355 0.000863 0.110781 0.001937
0.001325 0.009477 0.002875 0.002467 0.007222 0.000974 0.002396 0.001124 0.000954 0.036186 0.002001
0.003102 0.026800 0.001510 0.035939 0.006441 0.001303 0.001964 0.001204 0.000699 0.032239 0.002947
0.001666 0.007763 0.013109 0.023238 0.000473 0.001352 0.003946 0.000246 0.000800 0.015960 0.001115
0.001927 0.004455 0.007082 0.003565 0.002641 0.000705 0.004290 0.001751 0.000695 0.080602 0.000881
0.001826 0.027541 0.010678 0.028689 0.001433 0.000702 0.003843 0.001558 0.000940 0.082784 0.003544
0.002066 0.014094 0.013789 0.010303 0.006477 0.001175 0.001084 0.000228 0.000807 0.037400 0.004448
0.001842 0.022741 0.013054 0.023078 0.003200 0.000352 0.002899 0.000510 0.000984 0.061370 0.004498
0.000762 0.014164 0.011693 0.030146 0.002983 0.001437 0.001957 0.000951 0.000817 0.041752 0.002106
0.001343 0.007582 0.004132 0.012199 0.000727 0.000736 0.001364 0.000875 0.000876 0.010523 0.001906
0.003172 0.003401 0.002676 0.013501 0.004735 0.000344 0.001709 0.001164 0.000749 0.095564 0.001554
0.002305 0.011832 0.010232 0.030322 0.003701 0.000769 0.003067 0.001795 0.000738 0.035693 0.000851
0.000467 0.014994 0.009262 0.023360 0.004865 0.000597 0.001936 0.001269 0.000632 0.012492 0.004336
0.000731 0.013956 0.013398 0.027007 0.003161 0.000462 0.000811 0.001742 0.000613 0.082910 0.004725
0.003270 0.012645 0.013749 0.008077 0.006686 0.000778 0.004778 0.000677 0.000805 0.105579 0.003759
0.003335 0.027653 0.011939 0.005307 0.006245 0.000659 0.002306 0.000895 0.000811 0.109989 0.002530
0.001214 0.015436 0.005306 0.012257 0.005515 0.000449 0.001191 0.001411 0.000708 0.104800 0.000376
0.002314 0.008912 0.004867 0.018863 0.003698 0.000953 0.002971 0.000704 0.000969 0.048888 0.004041
0.000584 0.007319 0.007382 0.015158 0.003976 0.001050 0.001944 0.000202 0.000817 0.027543 0.002942
0.002816 0.024424 0.004151 0.001840 0.002006 0.000432 0.002010 0.001918 0.000689 0.090542 0.001503
0.003086 0.011256 0.007487 0.019472 0.007336 0.000640 0.002653 0.001365 0.000783 0.050522 0.003728
0.001049 0.022564 0.003476 0.023004 0.004724 0.001178 0.001438 0.001427 0.000882 0.101411 0.001065
0.001556 0.019093 0.011801 0.009574 0.003383 0.001364 0.001633 0.001919 0.000965 0.104215 0.002774
0.001260 0.015407 0.005918 0.013532 0.000357 0.001536 0.001502 0.000370 0.000978 0.076008 0.002957
0.002314 0.015571 0.005087 0.024496 0.006380 0.000380 0.001225 0.001467 0.000801 0.065269 0.000797
0.002538 0.002879 0.012625 0.002420 0.002726 0.000608 0.004387 0.001707 0.000770 0.063853 0.004152
0.002994 0.023150 0.001499 0.020440 0.006054 0.000992 0.004378 0.000237 0.000580 0.014290 0.004163
0.002409 0.005618 0.010742 0.015459 0.007523 0.000970 0.002112 0.000177 0.000560 0.043754 0.000790
0.003211 0.026217 0.011065 0.023788 0.004272 0.000523 0.000918 0.001488 0.000768 0.084452 0.002185
0.002451 0.009385 0.007930 0.022740 0.004904 0.000573 0.003873 0.000537 0.000928 0.015279 0.003513
0.001670 0.024103 0.001574 0.028027 0.002825 0.000883 0.000696 0.001493 0.000987 0.046770 0.002946
0.003344 0.018815 0.002963 0.014387 0.003344 0.000614 0.001803 0.001104 0.000738 0.027223 0.000531
0.001208 0.019942 0.001973 0.004097 0.001363 0.000770 0.000911 0.000679 0.000898 0.031909 0.004607
0.001735 0.021983 0.003254 0.008084 0.001412 0.001533 0.000869 0.001289 0.000741 0.081585 0.004181
0.000406 0.010594 0.002523 0.008815 0.007274 0.000739 0.002087 0.000872 0.000979 0.074969 0.003614
0.002320 0.024349 0.012318 0.032009 0.003585 0.001048 0.000681 0.000200 0.000607 0.024563 0.000709
0.003357 0.021600 0.009563 0.035377 0.002226 0.000486 0.002076 0.000361 0.000649 0.048392 0.002859
0.003334 0.002834 0.007465 0.007693 0.001420 0.000905 0.002924 0.001756 0.000917 0.011747 0.000895
0.002427 0.006178 0.003695 0.025349 0.007767 0.001407 0.003246 0.000165 0.000639 0.051046 0.003114
0.002644 0.001625 0.005523 0.031772 0.007020 0.000641 0.002739 0.000782 0.000514 0.059309 0.001191
0.002136 0.011172 0.012532 0.026326 0.000764 0.000502 0.004654 0.001309 0.000856 0.086255 0.001015
0.002515 0.023194 0.013026 0.019841 0.004908 0.001591 0.003074 0.000620 0.000886 0.081412 0.001827
0.002524 0.026292 0.005801 0.015495 0.005735 0.000904 0.001206 0.001312 0.000743 0.018006 0.001625
0.002978 0.001859 0.012941 0.031494 0.000415 0.001520 0.002629 0.000357 0.000925 0.075831 0.001752
0.002131 0.020455 0.001495 0.016907 0.005730 0.000711 0.003505 0.000228 0.000776 0.033539 0.004370
0.002533 0.018936 0.002729 0.019212 0.000211 0.000647 0.002807 0.000667 0.000873 0.034578 0.000673
0.000884 0.015460 0.006094 0.026665 0.002688 0.001551 0.003620 0.000240 0.000505 0.021116 0.002863
0.001185 0.023559 0.011727 0.016273 0.004362 0.001328 0.001568 0.000465 0.000827 0.040220 0.002020
0.001726 0.014420 0.006781 0.005348 0.006523 0.001265 0.004184 0.001118 0.000878 0.018634 0.001754
0.002870 0.003646 0.004790 0.003355 0.003210 0.001432 0.000844 0.001392 0.000698 0.096031 0.001110
0.000949 0.002875 0.010301 0.015025 0.003974 0.000737 0.003775 0.000311 0.000952 0.068958 0.001876
0.001716 0.023371 0.003878 0.005000 0.000659 0.001001 0.004501 0.000576 0.000508 0.089386 0.001347
0.001697 0.026422 0.003149 0.026299 0.006488 0.001006 0.001333 0.000346 0.000935 0.023274 0.004991
0.001899 0.001317 0.003549 0.016412 0.006291 0.000657 0.001044 0.001122 0.000813 0.055379 0.000738
0.000562 0.019224 0.008731 0.028596 0.007375 0.001161 0.002169 0.000419 0.000568 0.066831 0.002330
0.002527 0.006587 0.010230 0.009604 0.002825 0.000875 0.003702 0.001710 0.000842 0.070375 0.001303
0.001051 0.000558 0.005857 0.006017 0.001067 0.001154 0.000989 0.000591 0.000506 0.028815 0.003158
0.001075 0.002551 0.007912 0.019270 0.006678 0.000781 0.001703 0.001000 0.000792 0.041946 0.003985
0.001275 0.014841 0.006567 0.022255 0.005975 0.000745 0.004535 0.000236 0.000783 0.096642 0.003402
0.002486 0.019432 0.005458 0.013428 0.001404 0.000859 0.001718 0.001101 0.000515 0.043759 0.001600
0.000569 0.007249 0.005212 0.017750 0.000687 0.000788 0.003555 0.001636 0.000960 0.008317 0.003115
0.002678 0.000672 0.006271 0.019958 0.002016 0.001282 0.004232 0.000476 0.000649 0.116460 0.004910
0.003403 0.016028 0.000991 0.012001 0.002846 0.001531 0.000975 0.001253 0.000917 0.026258 0.004537
0.000766 0.002363 0.011949 0.015779 0.005604 0.000592 0.000927 0.000543 0.000804 0.099135 0.003414
0.003390 0.023261 0.010614 0.005923 0.003169 0.001318 0.000733 0.001357 0.000566 0.009443 0.000648
0.002655 0.020813 0.009014 0.034980 0.004716 0.000701 0.002273 0.001939 0.000704 0.027670 0.001528
0.003485 0.024382 0.001697 0.005689 0.004470 0.000311 0.002442 0.001399 0.000828 0.056903 0.000989
0.002289 0.009452 0.003552 0.005710 0.005606 0.001243 0.002606 0.001980 0.000620 0.008292 0.000560
0.001699 0.012690 0.003987 0.016596 0.000842 0.000921 0.004366 0.001387 0.000511 0.022279 0.001273
0.001749 0.014364 0.007430 0.034484 0.001488 0.001019 0.004818 0.000826 0.000614 0.066697 0.001681
0.002115 0.019161 0.001119 0.031871 0.006120 0.001219 0.004957 0.001623 0.000995 0.085618 0.003266
0.002749 0.005087 0.006584 0.002236 0.000498 0.000487 0.004267 0.001445 0.000622 0.112200 0.000568
0.001856 0.020048 0.004961 0.013192 0.006642 0.001260 0.001386 0.000819 0.000876 0.118533 0.000331
0.003149 0.001555 0.002904 0.010065 0.001724 0.000878 0.003618 0.000136 0.000722 0.068929 0.001746
0.001425 0.017996 0.009493 0.020553 0.004917 0.000508 0.003125 0.000644 0.000598 0.089414 0.004689
0.001582 0.002533 0.005877 0.022101 0.006255 0.001094 0.001716 0.001108 0.000947 0.047599 0.002256
0.001910 0.025403 0.013921 0.035268 0.002830 0.001415 0.000898 0.000947 0.000614 0.046780 0.003468
0.002850 0.001326 0.004401 0.035064 0.006567 0.001417 0.002375 0.000197 0.000720 0.074588 0.001523
0.000589 0.017664 0.006784 0.030128 0.000406 0.000388 0.004470 0.000297 0.000791 0.103684 0.003327
0.002534 0.005533 0.006379 0.008515 0.007656 0.000496 0.004807 0.001281 0.000932 0.040517 0.004123
0.003012 0.010580 0.001059 0.001526 0.002985 0.001200 0.004583 0.000702 0.000715 0.060552 0.002681
0.001567 0.027621 0.007509 0.022464 0.002753 0.000396 0.004914 0.000823 0.000546 0.043621 0.001920
0.000811 0.025925 0.006549 0.002906 0.003303 0.001290 0.002759 0.000672 0.000729 0.051050 0.003921
0.003134 0.004203 0.011267 0.018786 0.005701 0.000805 0.002912 0.001970 0.000852 0.009047 0.000946
0.003257 0.009188 0.002290 0.030835 0.005236 0.000867 0.000882 0.001603 0.000636 0.117250 0.000585
0.003332 0.021219 0.012530 0.004592 0.006208 0.000950 0.001516 0.000957 0.000588 0.112100 0.000988
0.002169 0.006771 0.011232 0.015821 0.005602 0.001597 0.004211 0.001758 0.000998 0.024476 0.003218
0.001239 0.002784 0.010387 0.035153 0.001846 0.000915 0.002519 0.001328 0.000762 0.066512 0.002297
0.000675 0.000704 0.005042 0.032235 0.000433 0.000997 0.001002 0.001839 0.000708 0.078113 0.002536
0.001073 0.020490 0.001668 0.018651 0.006624 0.000761 0.003559 0.000736 0.000701 0.036586 0.004961
0.000587 0.027524 0.007997 0.003478 0.006590 0.000452 0.001802 0.001144 0.000654 0.065476 0.002890
0.001724 0.022480 0.002766 0.003488 0.002463 0.001119 0.003181 0.001265 0.000935 0.029871 0.002719
0.001922 0.011928 0.003073 0.036813 0.007527 0.000876 0.001823 0.001669 0.000682 0.080101 0.001324
0.003103 0.020784 0.008165 0.002646 0.001317 0.001077 0.004325 0.000519 0.000637 0.076216 0.002142
0.001443 0.025621 0.010965 0.026173 0.005035 0.001071 0.002922 0.000651 0.000916 0.051743 0.002941
0.002908 0.013167 0.010033 0.024628 0.001756 0.000343 0.001426 0.000352 0.000818 0.093075 0.001538
0.002262 0.005839 0.008122 0.028920 0.007592 0.001434 0.004137 0.000741 0.000851 0.073060 0.002829
0.003009 0.016802 0.001120 0.027500 0.005562 0.000842 0.001495 0.001914 0.000967 0.048038 0.003792
0.000601 0.011363 0.007910 0.030969 0.004779 0.001079 0.004395 0.000646 0.000940 0.020075 0.004717
0.002224 0.017048 0.003838 0.008132 0.003051 0.001430 0.003430 0.000137 0.000678 0.097710 0.003520
0.000694 0.027359 0.013686 0.017341 0.007976 0.000851 0.003300 0.001671 0.000640 0.097393 0.000945
0.003305 0.024119 0.003545 0.019506 0.004430 0.000545 0.004245 0.000896 0.000679 0.044949 0.004809
0.002374 0.005754 0.003423 0.028155 0.000705 0.000530 0.004018 0.000829 0.000976 0.043598 0.003366
0.002800 0.024251 0.004924 0.015588 0.007391 0.000803 0.002679 0.000448 0.000911 0.029296 0.003984
0.001000 0.015011 0.001493 0.012589 0.007993 0.001598 0.002878 0.000609 0.000768 0.072577 0.004093
0.002352 0.012054 0.005710 0.016506 0.005694 0.001123 0.002071 0.000552 0.000657 0.024597 0.003904
0.001156 0.019078 0.009425 0.008314 0.006527 0.000870 0.004987 0.000653 0.000635 0.009971 0.003983
0.002027 0.002217 0.010829 0.004948 0.002854 0.000966 0.002410 0.000699 0.000771 0.094265 0.001041
0.001306 0.010442 0.005157 0.028226 0.000823 0.001488 0.001349 0.001957 0.000696 0.117092 0.004647
0.001611 0.007330 0.005133 0.016438 0.006496 0.000519 0.002267 0.001005 0.000999 0.021202 0.003792
0.001255 0.001204 0.009809 0.017183 0.003842 0.001397 0.002112 0.000372 0.000599 0.111432 0.002470
0.003331 0.018363 0.012640 0.009811 0.002906 0.001014 0.001253 0.000944 0.000896 0.019389 0.002820
0.002364 0.026491 0.006097 0.001318 0.005471 0.000812 0.004003 0.001137 0.000979 0.084924 0.003033
0.000654 0.004455 0.012437 0.014447 0.003941 0.000718 0.001953 0.000670 0.000891 0.112426 0.003989
0.001292 0.014118 0.004676 0.011349 0.002895 0.001174 0.001768 0.001974 0.000621 0.034769 0.000899
0.003144 0.016428 0.009776 0.027986 0.006023 0.000401 0.002451 0.001772 0.000799 0.099148 0.000927
0.001347 0.021495 0.009170 0.025929 0.003194 0.001334 0.001088 0.000253 0.000708 0.073516 0.002941
0.000766 0.003072 0.010161 0.028685 0.006739 0.000736 0.001524 0.000200 0.000857 0.037943 0.003725
0.003226 0.015023 0.013647 0.015760 0.002104 0.000993 0.004027 0.000828 0.000611 0.075488 0.001476
0.002371 0.002586 0.001457 0.031976 0.003875 0.000502 0.004555 0.000136 0.000982 0.109030 0.002643
0.000610 0.020791 0.002661 0.010640 0.004262 0.001350 0.003165 0.000277 0.000909 0.116971 0.001370
0.002666 0.017726 0.005564 0.032511 0.002233 0.000954 0.003370 0.000625 0.000905 0.082949 0.003565
0.002208 0.022401 0.005800 0.027290 0.005404 0.000716 0.004983 0.000592 0.000750 0.041132 0.001054
0.002580 0.010227 0.010216 0.003017 0.007776 0.000875 0.003569 0.001168 0.000520 0.022601 0.004033
0.000961 0.011930 0.012529 0.001757 0.007122 0.001185 0.001532 0.001693 0.000934 0.068509 0.002560
0.003044 0.001851 0.005134 0.004755 0.001160 0.000508 0.003711 0.000295 0.000642 0.028838 0.002247
0.001132 0.016682 0.006596 0.019891 0.002471 0.001434 0.004488 0.000359 0.000604 0.069941 0.004337
0.003450 0.016533 0.003543 0.027618 0.000594 0.000562 0.002797 0.000894 0.000700 0.043459 0.004506
0.000688 0.006522 0.011659 0.036952 0.007325 0.001124 0.002114 0.000539 0.000525 0.056225 0.003403
0.002259 0.004959 0.007474 0.003796 0.002191 0.000782 0.002746 0.001763 0.000507 0.017096 0.003616
0.002739 0.016719 0.012006 0.031611 0.001734 0.000423 0.004605 0.001925 0.000841 0.024764 0.003805
0.003287 0.003865 0.013620 0.005107 0.006028 0.000746 0.004182 0.001829 0.000616 0.061372 0.001505
0.002833 0.024483 0.013878 0.029998 0.002574 0.000308 0.000936 0.000131 0.000576 0.020121 0.003987
0.002401 0.004050 0.011236 0.028827 0.004563 0.001299 0.003567 0.001712 0.000993 0.013163 0.000357
0.001447 0.008457 0.001609 0.010173 0.000487 0.000932 0.002767 0.000784 0.000752 0.087758 0.001857
0.002918 0.012055 0.009230 0.019321 0.000358 0.001546 0.000750 0.001001 0.000944 0.023179 0.002068
0.000934 0.025551 0.008126 0.035586 0.007484 0.000413 0.001334 0.001860 0.000698 0.015003 0.002133
0.001702 0.019708 0.007288 0.004290 0.007549 0.000647 0.000713 0.000220 0.000741 0.056850 0.001322
0.001301 0.026903 0.001841 0.025530 0.007136 0.000572 0.002158 0.001730 0.000823 0.019419 0.003795
0.002708 0.022945 0.004470 0.021639 0.003819 0.001341 0.003820 0.001798 0.000564 0.079920 0.002829
0.002438 0.021359 0.004607 0.030393 0.002331 0.000976 0.003284 0.001516 0.000515 0.036258 0.000413
